16828:20224,17,302,654,76,616,58,8,866,84
26756:1546,885,16995,1119,19330,17,866,69698,31315,41153
1345:1267,8,32,188,13378,58,3304,357,2583,1410
18784:285,17,302,654,616,58,84,29,8,518
46438:678,17,302,654,76,616,58,8,866,84
14154:378,17,302,1102,518,616,654,58,101,29
7503:4444,827,1886,1205,2347,11242,11243,3977,1119,4991
37733:17,302,616,84,654,8,650,736,542,1102
19018:17,76,361,1784,226,262,7851,40,26985,1696
24222:17,302,866,564,650,654,361,616,58,358
19399:17,302,654,76,616,58,8,866,84,29
25792:20797,2268,1951,17,185,245,3514,774,65,8
23272:17,302,654,76,616,58,8,866,84,29
987:654,58,616,1102,8,76,650,736,518,301
16504:37332,80750,97126,67812,33574,62165,72420,23161,2953,105790
24882:17,302,654,76,616,58,8,866,84,29
9464:244,302,616,29,58,84,650,1102,354,76
4589:986,564,226,698,70,508,17,8,76,302
2956:17,302,654,70,76,29,84,866,899,361
2929:35273,302,17,616,654,289,564,76,6,29
11528:68784,107613,866,361,24873,107479,104916,75405,8772,2510
359:17,302,654,616,101,76,29,8,650,84
39146:616,302,17,58,654,861,650,138,394,238
5556:2265,76,6387,22856,31633,2848,26519,48061,5363,62347
13955:719,984,5480,2318,8860,1400,1326,76,574,661
7892:646,302,654,84,899,616,736,518,301,947
9316:19642,17,302,654,76,616,58,8,866,84
1930:2548,5111,197,27094,8069,5627,7160,13049,20525,13995
13048:1405,17,302,654,84,616,29,8,1102,58
10558:168,719,984,10267,2318,8860,2155,76,1081,8252
12405:378,17,302,654,76,616,58,8,866,84
19701:76,40,564,17,2139,1069,96,81,226,2512
41625:17,111315,167,105809,2675,9438,2992,122327,109445,361
25364:361,226,81,1410,17,1786,1002,32166,866,564
30594:168,719,2642,984,1400,574,661,8860,5480,1740
35575:749,17,302,654,84,29,616,8,1102,58
9207:1021,17,535,289,90773,441,302,2121,58,554
2984:302,17,654,58,616,84,650,76,1102,354
24397:17,1102,654,76,302,8,84,616,518,650
38611:17,302,616,654,58,29,76,84,8,224
3995:17,302,654,76,616,58,8,866,84,29
31654:1009,108245,69969,813,8016,31797,75925,3131,7031,122589
229:2068,736,84,58,1102,518,866,361,101,1196
7841:224,302,654,58,84,8,650,289,1102,861
3760:2765,302,356,1866,292,1305,1213,11155,568,101
27970:40116,112068,110163,93930,93129,91468,86148,71459,69699,62721
24161:616,302,32,650,654,76,17,84,29,354
4946:226,908,947,931,508,23191,363,4647,1007,6243
2761:1287,17,29,616,58,138,542,1614,8,486
11852:75463,302,17,616,654,58,29,8,101,650
44120:168,719,984,5480,8860,7180,5738,1400,463,801
47393:5975,1397,13341,9054,2510,14268,10981,603,6311,7926
45546:17,17,302,654,76,616,58,8,866,84
14251:378,17,8,302,616,84,654,58,101,1102
4990:14089,9802,1594,14542,2900,44749,1102,749,48,114544
2973:616,29,84,8,1102,650,76,518,736,542
29789:224,17,302,654,76,616,58,8,866,84
38356:17,302,654,8,84,616,518,58,29,76
18949:8677,118440,96618,119616,78387,49672,65058,74741,65364,5026
38464:17,8359,6439,1050,302,1097,8081,70,19779,22483
17619:89046,4429,518,85526,7762,8,35757,17,302,654
35381:2153,48789,2642,574,661,1740,54693,16124,12657,24196
13016:17,302,654,76,616,58,8,866,84,29
17617:2123,193,1136,19651,616,1133,370,23503,2149,3527
21381:6300,302,17,518,76,616,6,486,1245,224
35904:81,226,508,70,17,76,117,500,3423,1884
4423:5237,3083,574,1400,168,120971,120912,115935,114853,108142
26994:36485,17,302,654,76,616,58,8,866,84
35644:15758,616,17,302,654,8,58,861,650,114
17710:17,302,654,616,84,76,224,542,650,29
31640:17,302,654,76,616,58,8,866,84,29
22313:76,17,302,654,76,616,58,8,866,84
34517:262,17,500,76,780,866,226,698,302,361
18624:17,302,654,616,29,101,650,76,542,84
10431:2937,698,861,1102,654,302,1410,73,285,650
7359:17,302,654,76,616,58,8,866,84,29
35961:17,302,616,654,29,692,6,58,354,61
14290:1913,361,6387,76,866,2139,17,2848,22856,62347
1722:17,302,654,76,616,58,8,866,84,29
50988:67734,749,53521,5837,57799,44,27350,236,108375,31163
8234:168,358,35229,59662,2342,2326,120651,3568,28155,61405
20838:564,302,17,409,616,554,238,58,650,29
25395:2379,81,986,3718,2069,6824,1749,3756,41991,1498
22066:302,654,616,84,58,29,8,1102,354,518
23379:24933,16965,51232,6856,19528,36432,37112,4409,65063,74475
6611:17,302,654,76,616,58,8,866,84,29
21245:296,17,616,654,302,29,4414,736,1196,8
10523:378,245,429,220,1131,891,1744,815,94,5117
16440:101845,62270,89362,103379,101403,97476,99721,12699,105630,82532
3318:302,17,58,616,654,542,29,1196,564,76
1264:8870,9246,58,10163,4502,19826,616,675,224,736
50741:121522,118822,15197,15241,19385,79525,22048,62747,44043,48425
32157:17,302,654,76,616,58,8,866,84,29
2685:17,616,84,8,1102,650,76,354,518,542
38084:49310,17,302,654,76,616,58,8,866,84
61:616,518,76,736,6,542,101,289,15,564
24829:422,17,84,302,616,654,1102,736,58,101
5188:3107,4568,4825,15997,5624,653,119592,42343,1352,115920
3171:51908,11336,28973,34657,5801,30259,3034,53340,862,45152
36301:17,302,654,76,616,58,8,866,84,29
42054:4671,7334,17,27085,19207,70818,36140,111475,34158,121560
47636:17,302,654,76,616,58,8,866,84,29
38:4707,17,616,84,76,1102,6,650,354,8
20152:888,6143,508,5142,5286,250,57857,15224,409,4630
13993:302,654,616,84,58,29,8,1102,650,518
18237:17,302,654,76,616,58,8,866,84,29
12994:9678,2266,6562,116864,690,16118,80664,1883,9331,847
32218:866,17,302,654,76,616,58,8,866,84
34816:17,302,654,76,616,58,8,866,84,29
8416:65,302,654,84,616,58,1102,354,518,736
48168:17,302,654,76,616,58,8,866,84,29
3126:891,17,302,654,76,616,58,8,866,84
1581:226,2241,13544,5767,780,7211,3374,731,2967,2379
26558:26976,6743,18539,5624,16174,1352,4755,19524,63584,44242
35553:967,327,1287,17,508,302,889,128,5567,8
3704:15,5142,999,245,65,94,327,1089,3448,7827
40189:17,302,654,616,58,650,29,84,564,8
13223:2181,302,901,182,5991,787,654,17,301,29
10569:162,239,1363,50998,25873,654,38604,29,1200,3393
36478:17,719,81,76,564,168,358,302,698,5663
44294:719,168,2548,2318,5738,1460,45782,1124,661,76
12840:302,654,616,84,58,29,8,1102,354,518
19093:10236,75244,81312,51768,20416,500,17,302,654,76
11646:511,46891,121543,121271,1568,2342,38202,110049,4890,37768
31576:6901,17,302,226,654,650,564,616,58,736
41970:17,302,654,76,616,58,8,866,84,29
28471:17,302,654,616,650,787,518,508,76,354
37881:17,302,654,76,616,58,8,866,84,29
7197:902,15213,518,78445,6384,1086,119360,118594,8173,289
46707:17,302,654,76,616,58,8,866,84,29
37647:1326,2318,719,168,76,8860,19962,5480,14754,1400
51548:262,17,500,76,780,866,226,698,302,361
10706:302,654,616,8,58,29,518,354,76,736
31277:25892,354,10046,76776,254,105536,44,114144,76,15232
5124:17,302,654,616,29,84,76,736,8,70
18933:357,17,616,302,654,58,29,162,542,564
23607:80260,34240,112160,13573,2058,17370,25552,22313,30722,82688
33643:302,9629,1905,15,11644,650,1622,14052,35018,1764
29252:24467,20416,27364,7146,42870,14966,51980,76,47966,9095
27996:17,302,654,76,616,58,8,866,84,29
10339:119,654,616,29,58,354,518,736,101,650
28544:2582,3126,2833,110787,15537,39853,9709,65155,2642,801
36461:2292,17,302,654,76,616,58,8,866,84
45426:8322,24933,13077,9674,30815,16965,6856,51232,36432,19528
48666:17,2139,361,226,81,2292,866,76,262,698
33059:17,616,238,302,58,45,654,650,236,861
3159:17,6901,564,698,302,40,866,361,1651,226
43205:110783,74487,41414,110356,5795,50862,46267,1709,82715,66068
2948:1217,17,302,29,650,84,8,542,101,861
14851:302,654,84,58,866,29,354,616,76,1102
33970:17,654,3,302,76,1866,5025,761,892,1196
14929:7100,1951,185,1703,4487,774,675,398,29097,17
7743:4123,6033,18593,5264,2193,68419,5699,44275,8259,2289
44911:17,302,654,76,616,58,8,866,84,29
41303:8870,17,302,654,76,616,58,8,866,84
13563:17,302,508,70,1023,8,518,84,1551,1790
24147:1913,2265,62347,6387,94260,22856,40263,5443,26519,5214
4435:3818,4671,8392,5641,7658,36218,9189,26461,8759,7468
43079:121522,118822,15197,15241,19385,79525,22048,62747,44043,48425
11533:10996,17,302,616,654,58,15,84,564,29
14104:9655,7950,98723,15947,43930,55482,113429,2110,81974,2429
36492:302,15,10316,84,15122,9404,564,47812,12680,20547
16994:262,17,500,76,780,866,226,698,302,361
44252:4775,354,3517,105027,1109,2944,8,10046,496,1764
42763:21317,17,302,654,76,616,58,8,866,84
10111:931,245,7556,2715,2548,1352,3233,1539,472,3107
18768:6547,17,302,58,616,29,654,84,6,76
23735:79476,17,302,654,76,616,58,8,866,84
30103:17,302,654,76,616,58,8,866,84,29
18982:109285,116855,58,14588,508,61,81,698,138,358
9155:58,17,861,302,654,1196,29,3223,6,542
51750:64085,17,302,654,76,616,58,8,866,84
30318:109122,109823,32736,77559,39237,17,302,654,76,616
32621:179,654,302,317,288,859,6,363,8521,616
23619:10041,2880,1352,1527,3107,4825,6434,1712,189,8848
40090:17,302,8,616,327,84,354,65,736,58
6487:187,650,17,616,302,8,236,84,76,675
41192:17,302,654,76,616,58,8,866,84,29
35482:21339,2097,101823,103081,28217,25534,82634,88798,42954,6950
10814:3852,81,5767,3423,2241,8588,140,780,13544,3103
27858:402,2538,2937,654,17,518,736,119,354,21
38221:17,302,654,76,616,58,8,866,84,29
46388:32846,102179,32063,95625,33429,62099,27983,236,62,111830
42610:301,10127,18019,11348,353,3632,103247,65264,361,6397
20782:21524,7209,9594,70818,32479,16263,49576,23556,56617,4671
12939:6435,44541,106561,101647,1508,76691,2937,36412,36685,41961
24792:15111,17,302,654,76,616,58,8,866,84
31267:568,32320,736,117402,114160,84,1951,518,26325,564
20394:28605,78335,2155,54099,110318,58923,64876,1790,41101,102041
21000:6311,5975,11590,533,13341,17486,26781,15299,9462,122646
33025:7703,113993,107064,94501,93674,91587,85695,2946,83220,82825
40679:39095,48809,17,302,654,76,616,58,8,866
40437:226,17,81,986,654,780,76,302,138,354
10353:17,302,654,76,616,58,8,866,84,29
29299:17,654,29,58,616,84,1102,650,8,76
14094:6353,17,302,654,76,616,58,8,866,84
43290:2139,5363,698,361,254,62347,8301,4292,6387,2265
22664:116,17,302,84,616,654,518,58,1102,29
6676:17,654,302,616,29,84,866,58,354,289
27746:118393,73819,94496,95318,823,17,302,654,76,616
44624:17,302,654,182,616,650,58,76,1245,29
39593:17,302,654,76,616,58,8,866,84,29
647:17,302,654,76,616,58,8,866,84,29
17826:3225,47290,1730,88768,2139,34500,683,76,17,302
11926:56125,91183,28502,96650,90763,103940,82911,37242,6337,12968
3582:17,654,302,616,354,29,84,58,15,1102
49086:17,302,654,76,616,58,8,866,84,29
34576:135,2888,55213,521,26194,7180,8077,41492,93629,508
3048:17,302,654,76,616,58,8,866,84,29
11817:17,1965,327,508,15,654,736,616,302,226
23388:94812,72087,39538,119288,109635,110937,37035,74188,82125,93149
8127:27943,4755,82906,88347,92231,35148,17,302,654,76
38872:13398,17,302,654,76,616,58,8,866,84
25839:17,302,654,76,616,58,8,866,84,29
13707:2316,17,302,654,616,29,76,84,650,8
11092:2579,17,302,654,76,616,58,8,866,84
799:5262,44773,29714,1435,95865,30143,17,1352,4372,2554
14910:119909,119196,118689,64226,79626,24430,11318,9761,29773,100152
4050:654,616,29,84,650,8,1102,354,518,736
32548:661,33450,17,302,654,76,616,58,8,866
14773:70475,8795,17,302,654,76,616,58,8,866
6338:398,302,650,654,16404,1200,2139,1109,564,8
20355:2139,866,262,17,76,81,358,564,168,302
39514:61658,17,302,654,76,616,58,8,866,84
6125:302,7048,17,947,1382,2944,1825,70,363,2583
8919:61742,17,302,616,84,654,899,1187,8,15
21654:4784,26971,104607,86137,121481,52642,13094,40888,1144,17
15543:12844,17479,440,32798,75642,202,96337,6928,61778,6411
22793:33963,17508,2946,2021,24775,176,110934,6264,13178,9505
13189:361,4146,6901,866,10692,2354,16658,17,354,1651
7154:494,2139,564,76,17,40,500,361,262,81
3818:3177,17,302,654,76,616,58,8,866,84
25884:749,302,17,654,29,58,616,650,8,84
38819:1787,74403,8389,42014,20302,106411,76,77461,77322,78706
10859:91343,65416,2068,4568,2374,3107,297,106870,25366,6743
32137:75868,826,88775,947,3704,4647,42498,117575,113419,15261
16320:16593,4210,11597,7669,902,2668,27168,882,33685,21507
20435:17,302,654,76,616,58,8,866,84,29
21393:302,654,17,616,84,650,6,1102,101,542
133:47077,13838,30820,120247,115736,226,4292,106913,10792,101384
8704:749,29,84,58,76,70,358,650,616,1102
7905:3962,20375,59248,1965,5056,44626,9095,42014,105664,50753
12990:17,302,654,84,8,76,861,542,1102,6
9681:5048,17,302,866,354,29,84,58,1102,138
29365:17,302,654,76,616,58,8,866,84,29
13464:168,984,719,1400,463,2642,574,2318,1528,1326
38835:533,1397,9054,14268,603,4656,13594,50016,19100,7641
31483:17,302,654,76,616,58,8,866,84,29
17702:70,17,76,81,986,616,302,654,58,354
32491:2265,6387,76,22856,5363,2848,31633,62347,48061,40263
7397:6275,17,302,654,58,84,29,1102,650,8
29451:17,1119,2140,302,327,4268,899,8,616,84
31438:17,302,654,58,616,650,564,84,8,736
33911:19431,1187,17,302,875,1119,654,84,947,2935
5603:17,29,58,616,84,1102,354,6,8,650
50722:118711,26681,37560,17,302,654,76,616,58,8
5406:58,17,616,654,302,861,518,8,32,84
596:447,1165,4268,692,2030,8213,931,2548,2715,327
25205:1002,710,245,76,8066,441,931,2548,1446,5287
24590:3843,17,302,654,76,616,58,8,866,84
1422:17,302,654,76,616,58,8,866,84,29
896:302,654,616,84,58,29,8,1102,354,518
2047:58,302,616,84,654,650,8,76,29,1102
7430:89895,542,116871,112792,115393,18190,5292,1790,54839,104894
4712:17,422,1937,5708,2031,354,76,2661,52705,2326
3827:654,29,84,650,8,1102,354,101,736,6
24196:30475,41658,107350,17,302,654,76,616,58,8
51966:17,302,654,76,616,58,8,866,84,29
24065:6353,27522,44616,44845,58575,1099,54152,782,96831,31222
4982:1382,10047,4372,394,1002,61,1647,1462,221,1403
22849:1326,4372,6097,76,297,5738,508,2153,226,168
40267:168,984,1400,8860,5480,1326,2318,661,574,760
6410:6387,22856,5363,76,5214,22614,18933,40263,31633,1149
4101:901,9075,7153,55131,2139,37674,5292,5663,1970,76
25779:81,70,986,140,1884,1888,17,1749,500,2967
40070:11404,17,302,654,76,616,58,8,866,84
25199:302,654,616,84,650,58,29,8,1102,138
19897:13681,15,295,17,1403,13580,7700,11183,2268,19306
19209:398,70,354,97,3143,612,6455,1508,4697,15510
18249:10503,57566,12637,37068,1609,41181,18405,22312,67574,38216
40442:17,302,654,76,616,58,8,866,84,29
29715:21174,17,302,654,76,616,58,8,866,84
29834:17,302,616,654,76,58,542,29,354,84
7620:59116,17351,817,10175,76815,6344,50887,9412,46541,113566
1926:302,116,29,84,654,866,81,8,748,902
34126:564,40,76,17,2139,1069,81,302,616,500
40108:17,302,654,76,616,58,8,866,84,29
46681:72005,84190,17,302,654,76,616,58,8,866
854:2108,518,17,8,61,402,322,58,363,289
25864:20114,76375,273,99765,2602,138,162,47373,1021,44283
50782:111452,75523,75836,62478,8,327,13303,84,17,302
30903:168,76,2642,984,661,463,2318,5738,7235,8252
13014:1032,7994,5292,11349,57076,2852,7838,463,2139,10778
25814:17,76,564,8,654,650,616,1382,81,986
23757:17,1589,7006,3915,76,654,3864,302,5254,11535
38877:81,76,17,986,226,698,4372,508,931,564
3036:17,302,654,76,616,58,8,866,84,29
42392:17,302,654,76,616,58,8,866,84,29
10584:785,18239,500,226,32616,17,8,518,899,1102
12056:17,302,654,76,616,58,8,866,84,29
6437:81,1888,2379,5381,1749,140,3423,6824,986,3718
18930:16904,302,17,654,58,29,616,650,542,84
37631:866,17,302,654,76,616,58,8,866,84
36050:17,302,654,76,616,58,8,866,84,29
31467:17,302,654,76,616,58,8,866,84,29
14952:44265,77550,39163,109963,92577,50086,69853,56352,31644,119321
8560:17,58,616,84,1102,650,8,354,76,542
15287:17,76,302,81,654,698,138,4372,564,29
39863:616,654,302,542,17,58,861,650,84,518
28394:1326,168,1002,2548,2582,5738,2028,1124,76,1460
1927:17,302,84,654,58,616,29,8,354,518
22336:14486,17,302,654,76,616,58,8,866,84
48911:36435,17,302,654,76,616,58,8,866,84
27554:361,17,302,654,29,354,76,84,254,2139
25275:1050,353,17,1951,8457,542,4487,1119,245,1410
52011:49445,86484,30982,53409,119717,19570,76,60520,1832,1476
8634:7413,3704,1187,46315,9655,899,10511,109728,1568,48
22279:31720,5538,6303,2008,116002,14754,1682,14498,15406,16305
20937:4755,10041,1527,2880,3107,1712,5624,6434,3172,12990
12227:236,17,302,654,76,616,58,8,866,84
8199:17,302,654,76,616,58,8,866,84,29
28552:2316,302,15,23591,17,7813,9745,3144,1023,117153
8600:17,8,302,70,1360,58,616,899,101,654
31644:40,698,76,15278,358,8102,361,17,8574,10048
26515:17,302,866,564,654,650,361,58,262,616
1907:42967,84,140,39640,1558,115708,81,303,1888,1749
8312:10792,441,6315,710,4856,9055,1205,5783,38131,4513
3466:37498,685,11183,29539,8000,3441,18747,6104,16416,6704
38099:32037,17,302,654,76,616,58,8,866,84
12026:15,302,654,84,58,616,29,866,354,1102
17966:70241,10289,22041,26321,84359,17,302,654,76,616
8754:24472,302,616,654,1102,518,58,736,29,76
11403:749,302,29,354,866,84,15,76,1462,358
32503:20948,17,302,654,76,616,58,8,866,84
24461:301,17,302,654,76,616,58,8,866,84
18459:1155,17,302,654,76,616,58,8,866,84
33389:168,2642,1400,984,719,2318,8733,2103,1740,8860
28825:703,17,302,654,58,101,616,29,518,736
38585:238,96471,1546,4029,69321,79725,3922,17,302,654
12187:14434,17,58,654,1550,302,285,616,29,3101
16805:65,17,616,654,302,58,564,542,8,84
7434:521,616,58,29,84,76,8,354,1102,736
16926:65,17,302,654,616,58,84,8,542,518
48251:2399,17,302,654,76,616,58,8,866,84
27955:8,6157,518,17,84,1097,1099,2937,4300,787
46084:17,302,654,76,616,58,8,866,84,29
24075:1913,76,361,17,866,2139,6387,500,2848,22614
22894:114122,7256,4959,117056,5099,115434,2852,2515,9516,17990
42415:616,17,302,654,58,564,84,518,101,354
29958:17,1239,861,302,70,654,76,84,29,58
9110:102473,17,302,654,76,616,58,8,866,84
25386:726,48,302,654,84,2162,1187,616,354,947
248:13378,29,58,616,650,654,1140,17,861,1357
29548:7624,17,15754,302,14026,301,33475,1410,5303,8
344:4907,168,2153,1124,7838,2351,877,5480,719,9417
21215:17,302,866,564,654,650,361,616,58,358
20309:4374,59833,70858,12760,564,4628,356,162,58,73
50019:76,2139,2724,4268,774,2715,4372,29875,245,4880
8428:336,1460,6097,11834,1124,1112,2153,2677,2337,5890
2612:302,1213,642,654,17,2765,736,7257,861,7010
7292:9091,17,302,654,76,616,58,8,866,84
3396:120100,7033,23131,69981,80301,62188,92912,431,19087,45823
11566:17,302,654,76,616,58,8,866,84,29
7147:36760,50927,75948,78825,14342,2103,1400,168,1528,5557
29895:17,654,616,302,58,29,15,8,84,61
6591:108832,3141,5969,39039,30322,30689,17,302,654,76
32027:17,899,84,736,302,1119,48,2162,908,8
34075:2579,117,1326,297,76,4755,1712,14754,18200,378
21330:813,4880,17,84,518,564,1102,654,486,650
1069:749,101,84,301,285,1102,76,8,1086,4181
25654:15180,42014,3850,1787,74403,8389,20302,106411,77461,77322
13089:3632,322,239,179,19643,10100,542,12037,3393,119969
30535:17,302,654,76,616,58,8,866,84,29
22730:17,58,302,654,650,29,8,76,861,564
12729:17,518,654,616,8,327,361,500,508,224
14838:70,1069,2512,327,986,262,76,14885,361,2312
4654:116,17,302,654,650,58,616,182,29,76
24891:17,302,654,76,616,58,8,866,84,29
6897:302,84,654,616,354,29,58,8,1102,736
32401:17,302,654,76,616,58,8,866,84,29
12780:2980,17,302,654,101,8,61,616,429,58
4814:17,302,654,2139,650,616,564,58,358,29
23456:118754,61527,53860,77723,116302,6033,483,899,273,302
13479:24761,17,29,58,650,6,354,76,224,1102
264:4083,616,84,32,101,736,285,29,302,146
9987:10936,67972,33440,58139,14091,29569,8249,5115,5339,17045
36700:17,302,654,76,616,58,8,866,84,29
18499:3771,17,616,302,654,58,76,285,29,84
45086:28635,17,302,654,76,616,58,8,866,84
39680:49082,29821,115480,90871,65724,17,302,654,76,616
7340:10039,56166,3568,15238,11579,890,5097,4743,70959,8897
47370:650,302,58,654,17,616,356,394,162,29
10137:17,1410,1119,8,302,616,4268,15,899,654
12734:616,654,17,302,29,84,58,1102,650,518
30245:17,302,70,654,1382,354,508,650,361,616
42442:17,302,654,76,616,58,8,866,84,29
12543:101362,61774,76,68125,95321,5860,117277,105745,63285,1712
4204:573,15,84,3855,32389,34764,6397,17,3017,8387
34483:8,518,6157,17,84,2937,4300,354,1097,1099
28282:17,654,29,58,616,84,1102,650,8,76
20608:17,302,654,76,616,58,8,866,84,29
3583:68326,17,302,28160,654,76,15533,616,361,866
20185:8322,24933,13077,9674,30815,16965,6856,51232,36432,19528
27170:5904,17,302,654,76,616,58,8,866,84
45611:121522,118822,15197,15241,19385,79525,22048,62747,44043,48425
43681:17,302,654,76,616,58,8,866,84,29
11540:116730,86953,106074,100124,19065,99909,4600,74679,27250,19294
3479:470,72699,22719,44407,78698,9437,14103,100238,55331,27182
17738:31495,47345,31198,71463,3167,102662,47563,21605,17,302
29592:1384,17,302,654,76,616,58,8,866,84
22310:17,302,654,76,616,58,8,866,84,29
32945:18694,9572,1405,8213,6243,1165,3142,327,10526,5699
5923:1196,17,616,302,654,518,58,84,101,736
40653:1696,17,302,654,76,616,58,8,866,84
12224:1099,873,123122,8,188,7587,49063,1709,14852,928
12406:986,616,45529,354,26981,14416,91097,18442,96962,123142
16657:17,302,654,58,616,650,564,84,8,736
19374:30156,1757,17649,20745,23444,26075,36205,1256,55839,56872
20356:7146,15408,81,3453,4372,31972,11459,20525,2548,262
17418:6694,40013,104003,1351,30941,17,302,654,76,616
3381:17,302,564,654,76,84,58,616,1102,8
33274:947,17,302,654,76,616,58,8,866,84
39084:81,226,3423,1749,140,2379,500,2967,70,1888
33247:17,302,654,616,224,508,564,1866,650,486
5518:17,302,654,76,616,58,8,866,84,29
23251:3423,2241,986,3137,5767,70,140,13544,1749,1884
48250:21587,29012,43289,24432,122419,17,302,654,76,616
7124:182,101648,24345,57305,42218,78448,1287,36569,69338,51375
20194:76,17,302,654,76,616,58,8,866,84
1708:17,302,654,76,616,58,8,866,84,29
42814:115444,122035,110494,109684,76078,78713,82342,43863,48466,52179
51036:17146,17,302,654,76,616,58,8,866,84
2725:7535,33094,357,188,31488,14058,253,490,1342,510
5488:84,873,736,554,17,95572,37606,518,3234,12872
22540:17,81,361,2139,2292,226,866,76,262,698
17354:15975,44609,891,56518,542,24534,87065,88246,3737,67346
9627:17,302,654,616,29,84,354,650,58,8
13130:95665,2833,121254,2642,51733,4394,2412,5493,719,564
7621:65,302,654,84,616,58,8,650,354,518
28216:17,76,2946,2675,1119,1446,17508,654,33963,176
4232:967,60400,9621,459,8588,12727,5767,41813,48106,13544
47372:669,17,302,654,76,616,58,8,866,84
16486:2499,101,654,8,1804,1102,2495,67522,554,74709
31446:17,302,508,654,29,76,564,616,650,162
5405:285,17,654,302,1102,224,62,84,5575,94
24711:17,302,654,76,616,58,8,866,84,29
177:654,101,483,239,76,97,84,363,616,564
17542:3484,1205,564,17,2200,2139,2917,2351,7974,5707
12718:2642,1400,574,801,2153,463,1326,2103,11255,76
22551:616,654,302,17,162,650,1245,29,861,58
42114:7703,65254,74529,39016,32400,30916,40420,55696,72395,96161
24292:302,58,29,84,8,650,1102,518,542,354
23384:23335,565,99703,88470,273,1979,20495,12161,719,2882
22948:245,3704,4755,1352,10041,189,1065,17,710,1002
28457:41930,17,302,654,76,616,58,8,866,84
5902:302,654,616,84,58,29,8,1102,354,518
34104:17,302,654,76,616,58,8,866,84,29
9719:48754,50987,81248,48532,2318,901,18952,17,302,654
4809:8321,17,302,654,76,616,58,8,866,84
6181:65,564,616,2512,302,4843,654,472,364,2733
34367:17,302,654,76,616,58,8,866,84,29
15661:116196,1435,14109,17687,119226,81171,37211,1709,41901,47144
7524:542,58,1786,564,780,2030,76,1382,81,1410
19586:5215,2703,18966,8567,114725,49097,262,82537,27027,924
37261:17,302,654,76,616,58,8,866,84,29
27628:76,17,736,616,302,654,8,40,58,542
13553:92277,42504,40,2675,10015,46139,564,17,302,654
45262:86809,79659,17,302,654,76,616,58,8,866
17720:98866,616,107066,109363,112386,115225,100850,74891,38389,58
40543:116855,8752,20752,67057,39062,61,109285,3169,17,302
35915:4308,5486,119834,12968,97784,26513,11577,2856,31241,31356
33311:109210,6778,76,72342,85686,66187,5815,17,302,654
22513:17,226,302,138,654,76,1462,84,354,866
27755:17,302,654,76,616,58,8,866,84,29
860:654,616,29,84,8,1102,650,76,518,354
15016:3307,72788,5567,2337,10406,10291,6311,17,302,654
29759:17,302,654,76,616,58,8,866,84,29
2102:1958,84,1187,650,616,518,8,76,654,736
11895:101,302,84,616,58,29,1102,354,736,866
39565:873,1539,17,1825,710,7048,508,947,3704,245
31027:17,302,654,76,616,58,8,866,84,29
321:1119,48882,16477,17,483,4647,9617,5254,30167,16550
8612:17,302,654,29,84,8,650,76,542,101
5426:7211,14059,1749,140,21445,16286,6202,2967,9548,2616
28716:17,302,654,76,616,58,8,866,84,29
44618:39932,17,302,654,76,616,58,8,866,84
41799:17,302,654,76,616,58,8,866,84,29
15944:17,302,654,76,616,58,8,866,84,29
22854:2153,719,984,5480,1400,8860,2318,463,574,1326
30133:2528,6901,8783,10692,76,6117,4146,12388,28389,48431
31071:25783,1827,3506,2714,4487,2696,774,1524,2824,10094
12268:944,17,616,76,58,302,654,542,650,564
50701:3994,61,32728,10825,2121,1884,226,8651,901,542
25304:168,719,984,574,2318,76,2642,463,1400,1326
7101:29,6102,30330,113497,28140,1405,17424,94897,1202,18792
11331:6759,17,302,654,84,736,8,94,70,1102
16582:4173,17,616,302,29,58,84,6,518,15
7506:155,302,654,29,84,1102,76,8,518,101
29015:17,302,654,616,84,29,354,650,58,8
16048:63581,2937,1109,15,431,32141,138,4838,122734,1462
37148:24432,19908,6125,6186,53339,82554,27339,95666,74980,26821
14735:17,542,1126,394,1332,58,564,518,101,2193
16187:17,302,654,76,616,58,8,866,84,29
33216:25433,17,302,654,76,616,58,8,866,84
44914:361,17,302,654,29,354,76,84,254,2139
14260:17,70,361,262,8,358,1164,2139,81,564
40612:1081,719,168,45357,661,5480,463,2675,2259,9417
24391:302,654,616,84,58,29,8,1102,354,518
17534:17,302,182,654,650,616,76,58,29,8
12526:17,302,224,76,7048,736,8,542,564,2121
29555:1217,17,654,58,616,29,6,84,101,650
19328:17,302,654,76,616,58,8,866,84,29
25921:327,616,70,710,3412,654,40,115416,1065,6855
29508:17,302,654,58,616,650,564,84,8,736
7850:869,17,70,302,1764,354,650,654,101,616
4280:302,654,29,84,650,8,1102,354,861,518
25342:15781,67633,67176,107543,120595,17,302,654,76,616
28570:616,302,17,654,58,8,650,29,564,84
28106:17,302,84,654,616,518,58,29,354,101
23605:17,302,654,182,616,650,58,76,1245,29
4987:236,14750,8213,678,4075,36595,6766,564,776,29
43043:17,75964,115886,92673,119,131,3191,1449,75556,107756
31477:17,302,654,76,616,58,8,866,84,29
10474:1385,17,302,654,76,616,58,8,866,84
32345:17,908,84,899,302,8,931,48,1825,354
16122:302,654,616,58,84,29,8,1102,518,354
4345:3423,28632,81,22059,23595,1749,140,15289,44968,27209
7404:15278,8102,8574,21640,76877,22002,10048,75586,3746,40
3290:114137,16834,17481,17,302,654,76,616,58,8
26316:61057,95915,122744,46399,110514,70759,112039,80022,1401,38624
36515:52709,113102,17,302,654,76,616,58,8,866
16810:302,616,654,17,58,76,542,289,518,101
6127:2582,3304,2734,15,986,18239,9197,518,1410,41006
10055:21076,75372,54276,18587,19021,37037,14192,39399,870,103569
39817:17,654,58,29,616,84,650,1102,8,76
37893:226,70,17,986,76,138,564,654,297,14754
49050:354,17,302,654,76,616,58,8,866,84
44074:17,302,654,76,616,58,8,866,84,29
15713:6485,17,302,616,654,84,58,518,29,1102
30194:17,986,81,1888,2967,5355,70,3423,16258,68278
32248:224,76,5604,7908,6759,116534,10600,3,1435,573
32350:8077,17,302,654,76,616,58,8,866,84
21752:76,17,302,654,76,616,58,8,866,84
26211:22104,120253,262,5746,1145,441,96305,88331,263,26159
14856:616,302,17,654,58,650,1140,542,15,162
15421:23387,97813,3363,50201,80767,17,302,654,76,616
864:2737,12333,1305,902,112231,15755,511,100891,250,766
31375:17,429,5795,3704,41414,302,616,110783,3789,285
4058:22,17,302,654,84,29,616,354,58,76
2045:65,508,302,3017,32,736,1558,1126,4320,4107
32416:95258,17,302,654,76,616,58,8,866,84
19700:56442,17,302,654,58,101,616,76,322,542
17637:378,13660,2686,3107,17,19651,70,226,5254,1589
35659:17,698,866,361,564,76,654,358,302,58
4012:427,17,302,654,76,616,58,8,866,84
6819:17,302,654,58,616,650,564,84,8,736
16791:500,36721,81,17403,17,361,67800,115016,2121,67755
13485:81,986,1749,140,780,70,13544,500,1888,5767
6791:40704,302,654,361,354,29,84,736,58,301
30320:30874,17,302,654,76,616,58,8,866,84
46274:17,302,654,76,616,58,8,866,84,29
8261:17,302,654,837,58,616,29,84,238,239
41723:236,10075,302,17,14750,776,654,12253,49,1102
511:1240,17,616,650,224,302,1305,568,58,564
6778:1002,2548,81,2715,2983,76,13392,2342,13895,70
4003:285,302,1102,354,616,29,8,138,58,736
36696:669,17,302,654,76,616,58,8,866,84
5836:559,302,616,58,84,736,354,76,650,1102
30310:10039,2139,5097,361,4880,17,698,564,866,3568
13797:302,616,654,58,84,29,8,518,650,736
23558:9663,11453,52267,1791,63425,13669,46821,13255,47807,1389
38563:373,245,2302,22182,4452,1002,1099,6491,72405,1551
24729:17,302,654,76,616,58,8,866,84,29
42841:17,302,654,76,616,58,8,866,84,29
13691:302,650,84,736,29,76,1102,138,8,101
45273:57158,17,302,654,76,616,58,8,866,84
10114:2937,17,302,616,58,84,654,8,650,542
20262:17,302,654,354,29,70,616,76,650,84
24142:2714,1524,120716,25962,6874,4500,596,119081,70,1703
34158:17,302,654,76,616,58,8,866,84,29
37723:1417,19949,112769,62505,17,302,654,76,616,58
52459:17,302,654,76,616,58,8,866,84,29
48926:29,15,30,226,17,472,363,285,322,564
30393:17,616,70,58,650,116,86,568,76,546
25784:66155,89514,35990,120504,116946,21342,20223,3239,6733,115521
11727:17,302,654,76,616,58,8,866,84,29
25869:2579,117,1326,76,297,4755,9045,1712,4481,17
41846:15,17,32,616,1598,518,209,84,8,698
29933:21545,30375,4497,9004,656,17850,75254,4420,518,17
5783:302,654,616,58,84,29,354,1102,76,8
14190:17,302,654,76,616,58,8,866,84,29
17568:58,650,861,86,2919,616,17,138,32,61
20261:24862,25850,36520,7680,122724,17,302,654,76,616
48696:121522,118822,15197,15241,19385,79525,22048,62747,44043,48425
14948:654,29,84,58,650,616,1102,354,866,8
32518:654,826,10316,7959,57343,6210,3191,115134,387,302
15268:17952,8,2292,5708,112047,518,14895,19802,18,356
26598:891,58,873,650,654,17,483,2149,108762,966
55180:4707,302,1866,120996,3158,923,6996,6284,4328,1614
35966:17,787,616,542,84,1382,508,138,650,76
34434:17,302,654,76,616,58,8,866,84,29
30158:840,157,5111,197,27094,2548,3196,24752,14793,8069
6119:15,616,302,654,17,650,564,76,29,61
7239:542,113643,95396,87578,66351,9006,52206,36890,29392,7757
8064:226,354,81,17,76,302,698,29,58,542
2655:65,1527,2880,10687,76,7880,5254,378,3172,10041
14363:377,1435,533,226,1966,76,508,1023,70,3789
44103:55569,3537,20642,1446,1419,46794,1451,7518,14349,42438
19199:4755,603,1712,3107,3172,1991,1527,1352,378,114644
20503:21891,26578,26432,23978,102979,17,302,654,76,616
30324:17,302,654,84,29,616,650,58,1102,70
28096:17,302,654,76,616,58,8,866,84,29
18653:457,17,302,654,76,616,58,8,866,84
2906:17,616,302,1410,654,15,8,61,84,354
22278:32,616,58,944,554,76,17,3233,2030,3292
28031:81,60400,40537,9790,3137,9621,41813,13596,1276,37140
6832:168,719,984,8860,463,7180,574,2642,1400,1528
29487:703,17,616,302,518,8,654,902,58,101
12112:17,302,654,76,616,58,8,866,84,29
11011:654,17,616,518,84,861,902,302,15,58
15590:17,302,654,76,616,58,8,866,84,29
46132:17,84,302,8,354,15921,518,1102,654,29
49153:4339,17,302,654,76,616,58,8,866,84
19800:302,654,866,616,58,361,84,29,76,8
15251:17,616,58,302,861,29,1196,654,6,518
10258:3276,119006,102523,441,68412,113135,3780,12931,89372,90271
39057:30727,17,302,654,76,616,58,8,866,84
5986:591,84,1102,650,354,8,101,564,76,866
7624:17,302,654,76,616,58,8,866,84,29
17421:21150,17,302,654,76,616,58,8,866,84
10831:302,654,84,616,58,8,29,650,76,1102
17581:81,226,719,17,7585,168,70,1069,1460,8
352:2309,68034,6468,23716,14034,53292,545,2291,32970,42003
17596:224,17,302,654,76,616,58,8,866,84
22238:238,1382,17,873,110898,34251,5567,834,113006,2548
36224:17,302,654,76,616,58,8,866,84,29
17474:16995,62489,31315,75363,74038,79096,670,23970,1546,19829
20813:17,302,654,76,616,58,8,866,84,29
49517:3315,27418,63102,95815,107171,101909,115426,99064,114361,53789
23112:3423,780,2241,226,3137,5767,986,140,1884,1749
11171:38707,97242,114014,113540,108931,45219,95267,1539,3016,6746
31629:40,76,17,2139,564,81,1069,302,616,500
10470:356,650,736,354,101,162,564,289,61,542
43642:974,10466,1957,22,106,7624,4481,9045,3661,14152
20748:76,719,984,574,2318,1400,5738,8860,5480,1326
16876:1146,17,138,302,29,654,70,84,736,866
19738:18756,8,17,302,761,289,3704,518,62,58
11253:17,302,654,58,616,650,564,84,8,736
31018:64568,19323,121235,105832,113648,238,95810,84763,46627,3058
19776:568,17,224,616,654,302,1578,15,61,354
49190:1902,46440,4103,4425,60566,98259,43039,47393,69004,72863
17591:17,302,654,76,616,58,8,866,84,29
23143:2337,4372,6097,1326,2153,2579,4755,698,5738,931
37123:17,302,654,76,616,58,8,866,84,29
31557:12586,641,76,16387,22416,62507,34561,7412,3262,81
44463:1089,2890,5991,302,1196,238,358,2121,15,861
42519:17,302,654,76,616,58,8,866,84,29
16843:20984,121872,103774,64875,17,302,654,76,616,58
25744:302,654,616,84,58,29,8,1102,354,518
7470:1344,302,6,4174,486,58,654,15,616,861
44895:17,302,654,76,616,58,8,866,84,29
30826:17,302,654,76,616,58,8,866,84,29
15208:238,97964,71030,11020,1822,409,564,1196,1549,27651
2481:302,654,616,58,84,8,1102,76,354,6
30161:17,302,58,616,29,84,1102,354,650,76
43827:18459,17,302,654,76,616,58,8,866,84
31452:17,302,654,76,616,58,8,866,84,29
11059:53694,17,302,654,76,616,58,8,866,84
38374:2123,101353,87484,62871,4985,30133,78109,1592,42502,68740
7647:2139,564,76,17,40,500,361,262,81,358
7207:17,302,654,76,616,58,8,866,84,29
2292:18159,302,17,654,101,542,58,1476,8365,616
36161:17,41141,91050,77089,1847,53,117979,22337,113347,11919
47565:61658,17,302,654,76,616,58,8,866,84
53918:17,302,654,76,616,58,8,866,84,29
9159:17,302,245,616,654,58,774,84,2030,1262
22447:12227,226,11145,58498,6227,780,81,6108,2204,653
13039:533,122646,112867,110262,64368,8443,26781,95197,107322,6311
24187:70,1069,2512,327,986,262,76,14885,361,2312
12296:8579,1187,899,48,17,1119,4420,736,302,84
29774:44811,119818,81637,66726,7738,17,302,654,76,616
29243:1460,12412,64541,8407,112561,669,84255,4320,9289,51852
37968:17,302,654,76,616,58,8,866,84,29
6205:17,302,654,2139,616,58,650,564,29,358
46747:17,302,654,76,616,58,8,866,84,29
17333:441,16036,3506,1744,5122,1875,1065,2715,3618,4513
9633:17,302,654,76,616,58,8,866,84,29
8832:36218,8392,21479,8759,115898,5534,7622,11336,33708,8427
51287:698,1164,2139,3288,40,17,361,546,76,1344
25767:17,302,654,58,616,650,564,84,8,736
6451:12495,1499,6759,121555,6,285,1389,564,16523,87205
5470:2703,49308,302,10532,709,27125,96,20631,81,226
27701:17,302,654,76,616,58,8,866,84,29
1525:17,70,226,302,508,354,1382,564,616,899
10613:6901,4146,2528,48431,6117,2354,28389,8129,16658,26077
25286:17,302,873,616,58,654,4032,8,429,76
2769:32,17,285,302,58,654,542,322,84,616
13433:1348,302,654,866,361,84,58,616,29,76
18734:35486,65107,33195,21524,22066,115745,2377,102580,92484,49842
27636:327,17,84,518,302,616,654,58,1102,101
3811:17,302,654,76,616,58,8,866,84,29
31915:29,17158,44749,4604,14089,51982,21042,322,34461,9802
9749:17,302,654,76,616,58,8,866,84,29
30232:121522,118822,15197,15241,19385,79525,22048,62747,44043,48425
39162:483,18400,118327,10850,5527,11504,96850,85260,81753,2512
9856:1119,1147,336,3568,5890,5097,106248,219,3177,719
10925:17,616,58,302,8,564,554,654,101,84
15578:17,564,654,302,76,508,84,2139,616,1460
17983:17380,12565,8069,65489,36399,29122,77831,157,5111,2548
6736:19536,14750,2708,8197,4203,10075,12253,6673,36595,554
51864:596,68189,100414,101922,363,2369,6824,1703,2326,285
24328:669,17,302,654,76,616,58,8,866,84
34343:17,302,654,76,616,58,8,866,84,29
33317:955,105868,25501,17,32,25746,10247,209,855,301
15302:17,616,8,302,29,518,6,354,1187,8213
580:4372,1527,3172,189,23191,378,2880,10041,4586,7457
30256:19202,7048,20567,5827,12361,26641,3509,23580,98090,2904
1458:11522,17,302,654,76,616,58,8,866,84
26213:62443,23875,51880,16796,12686,46932,66253,38813,73328,25754
13254:17284,70,698,238,1790,1424,188,358,3101,4589
42894:1913,76,361,17,866,2139,6387,500,2848,22614
30316:1245,17,302,654,76,616,58,8,866,84
7258:96,719,984,661,7180,8860,11255,1400,2685,2103
9621:17,302,654,616,58,29,354,736,101,650
5041:17,302,654,616,58,101,84,29,354,736
24586:9245,17,302,654,29,8,84,518,289,6
20165:17,302,654,76,616,58,8,866,84,29
18514:113006,834,89813,10541,21512,6674,157,10995,5567,104935
11568:117228,101935,481,14754,17,302,654,76,616,58
5678:103945,119591,52302,65911,92333,30722,21846,56160,6449,16419
16241:8105,17,302,654,76,616,58,8,866,84
33184:121522,118822,15197,15241,19385,79525,22048,62747,44043,48425
31087:17,302,58,654,616,29,84,1102,650,6
45826:8264,88084,17,302,654,76,616,58,8,866
17084:17,76,302,81,40,654,616,564,354,650
404:17,654,58,29,84,8,650,1102,76,6
30498:17,2548,27070,3196,76,4755,197,508,8069,14793
15203:463,62820,113622,122516,76,20040,2917,10229,119869,2715
48798:654,17,302,654,76,616,58,8,866,84
26177:97060,17,302,654,76,616,58,8,866,84
7683:76,17,81,226,616,302,698,986,654,70
32610:675,17,302,654,76,616,58,8,866,84
41569:17,302,654,76,616,58,8,866,84,29
18805:719,984,5480,2318,8860,1326,1400,76,574,661
45886:17,302,654,76,616,58,8,866,84,29
26968:797,302,654,84,616,8,58,29,1102,76
16602:17,1187,875,1119,302,84,6450,70,947,736
20048:302,654,616,58,8,29,518,354,650,76
5530:8546,17,302,654,58,29,8,114,564,518
15928:5010,17,302,654,76,616,58,8,866,84
37711:17,8,84,302,616,654,58,1102,101,736
20481:24711,17,302,15,616,70,654,29,301,224
26591:4501,17,302,654,76,616,58,8,866,84
6980:9289,3372,3672,19871,13889,45956,5522,26460,73231,7397
44819:4308,17,302,654,76,616,58,8,866,84
8599:17,302,654,76,616,58,8,866,84,29
20400:650,17,302,1050,331,1109,3297,7471,2294,5975
44223:58227,67165,33505,10891,10223,1592,13789,16629,26628,33833
21635:17,302,245,354,84,616,363,654,508,1102
9282:84,302,17,48882,736,7334,13448,6,34564,16477
33660:104852,107090,105119,91266,87798,17,302,654,76,616
29438:1267,52978,111284,58,859,33750,45,616,285,1561
24985:17,2946,76,2675,1119,17508,5975,377,176,33963
28918:17,302,654,76,616,58,8,866,84,29
44467:302,654,866,361,84,58,616,29,8,76
831:1405,17,302,58,654,861,650,29,518,84
3757:2816,302,616,8,518,654,84,899,289,58
7671:32333,17,84,8,302,654,354,616,1102,70
201:302,84,654,518,616,1102,58,29,354,101
2387:72124,101317,13110,19915,8079,26550,27628,30035,33932,1410
37055:17,302,654,76,616,58,8,866,84,29
11921:1926,7409,16733,18285,121134,86987,45515,25979,106317,105661
3179:29,84,8,650,1102,518,542,736,6,289
14637:302,17,654,58,616,29,84,6,285,76
27623:1131,17,70,76,302,654,81,616,650,8
47125:76,25481,81,2843,698,508,23964,2139,11626,8446
343:302,58,736,616,17,190,654,409,224,542
21608:749,302,17,654,84,354,58,6,1102,616
1214:719,984,1400,574,661,2642,5480,1326,801,76
2884:13658,6700,32880,1410,294,5514,13028,46344,3619,2416
14684:2429,302,84,654,899,1187,1102,48,875,616
9990:17,302,654,76,616,58,8,866,84,29
8352:17,736,302,76,650,866,58,29,361,84
32806:650,17,236,394,1109,62,76,861,392,118831
29689:45930,113586,113489,113478,103208,102829,74885,94975,89456,12991
34560:81,22597,3423,8588,11718,3516,550,2241,5767,13544
6481:28651,9554,13957,26821,22904,64599,3193,119487,101728,116326
10303:17,302,654,76,616,58,8,866,84,29
14886:58,17,616,101,302,84,654,6,1102,518
36705:4802,302,650,616,542,654,17,518,58,97
9446:302,654,84,29,1102,616,58,354,8,866
37702:17,302,654,76,616,58,8,866,84,29
17393:1871,17,302,654,76,616,58,8,866,84
29650:16688,28,47645,67504,65467,99179,51438,17,302,654
11637:17,58,302,654,861,591,8,650,76,84
34555:262,17,500,76,780,866,226,698,302,361
29809:873,9979,3928,5363,8199,36218,74425,10981,24825,533
24905:23627,17,302,654,76,616,58,8,866,84
17665:17,302,654,616,76,29,8,236,84,301
6244:71253,112802,73220,51543,93373,100351,74892,115835,4481,53595
16156:75580,17,74248,5517,90516,28686,106855,17,302,654
23949:17,302,654,76,616,58,8,866,84,29
46862:58796,26777,71715,46736,57080,17,302,654,76,616
27806:3850,26793,62489,117814,347,10352,44979,670,7056,55609
12250:17,302,654,616,29,76,84,8,101,650
33046:51044,1462,75000,90139,67005,11349,57076,5292,670,7838
8465:1217,17,302,654,518,84,29,650,101,861
49161:8338,22207,964,866,14942,4008,58,6011,75359,17
43165:81,508,140,731,6202,9548,3423,3926,43318,719
38280:98683,76,4453,354,107331,64,22312,262,698,17
13890:68689,13592,7201,74885,18260,32652,54147,59257,7575,28611
1624:616,564,554,58,17,29,32,103,508,654
3465:17,542,654,564,29,16284,3589,2185,34228,3774
20597:209,4919,2937,76,303,55459,1109,70,5346,6641
8753:9723,5122,3506,16036,91069,441,4715,18783,13020,2028
7204:650,302,17,654,58,616,84,239,6,76
1566:162,302,8,654,356,58,2765,564,1245,518
14832:226,3534,107293,106823,92983,717,10474,7560,891,70
50689:10786,17,302,654,76,616,58,8,866,84
47776:68737,80127,115290,100084,13050,38297,88379,71500,48623,49056
25168:302,654,616,84,58,29,8,1102,354,518
2890:427,1102,17,84,2937,273,962,2030,76,4413
20915:645,17,302,654,616,564,84,224,70,542
7071:17,302,182,654,650,1245,616,76,29,8
48349:65620,81306,5975,19561,32782,26476,79078,72770,603,91201
13666:17,302,866,361,564,654,650,58,2139,358
15680:65,17,654,76,616,58,29,866,354,650
33647:17,302,654,84,29,616,650,58,1102,70
23011:17,224,302,616,654,58,1245,650,84,29
9259:616,8,17,542,654,302,650,84,29,239
21241:1913,3423,17,76,780,226,500,262,3137,866
18063:54781,88292,24032,58748,49652,7612,14819,17,302,654
8852:70,17,76,81,986,616,302,654,58,354
22510:5567,128,16597,63108,1109,9613,309,76,508,9981
2777:2337,226,79764,1435,2292,1744,10316,675,1112,1644
11437:1902,986,3423,226,140,508,1069,780,5767,8667
7863:559,302,58,654,322,364,327,683,17,6
8628:574,2888,9997,82186,96523,30417,3937,135,30282,81315
1883:1204,17,302,654,76,616,58,8,866,84
33583:17,654,29,58,84,616,650,1102,76,354
16804:713,3344,51009,58,50299,75732,182,65563,91320,17565
3695:65,302,84,654,2162,518,8,616,947,1119
2636:654,58,84,616,29,1102,354,650,8,76
28472:7926,6951,7473,78928,120497,48485,115551,114643,51729,30490
17813:1099,6503,616,654,8191,12710,17,70,363,31550
35620:17892,17,302,654,76,616,58,8,866,84
40896:28364,109604,17,302,654,76,616,58,8,866
7642:17,29,302,301,58,654,542,616,1050,322
29937:1867,17,302,654,76,616,58,8,866,84
19139:17537,17,302,354,616,29,650,1476,736,58
9186:302,654,358,361,616,84,8,650,40,354
28895:58,76,2495,394,209,654,564,25842,3101,273
43952:302,654,616,84,58,29,8,1102,354,518
45049:42528,90547,1359,62,1402,22712,29701,2966,120890,93526
39335:42930,99308,80167,120121,17,302,654,76,616,58
6977:1196,294,238,7048,486,285,654,402,542,121034
8675:17,302,654,616,58,84,650,76,8,1102
9143:302,654,866,361,616,58,84,650,29,8
29188:17,302,654,182,616,650,58,76,1245,29
10249:17,302,654,76,616,58,8,866,84,29
8482:17,302,654,76,616,58,8,866,84,29
7253:932,17,168,76,8,354,84,2642,984,661
44554:1913,17,302,654,76,616,58,8,866,84
6206:9035,17,29,654,58,61,302,15,84,650
11001:76,698,1069,2139,6303,901,358,40,262,564
20690:40747,70,17,508,1382,302,866,1790,899,311
18191:17,302,654,29,354,226,616,84,138,650
27173:302,654,616,84,58,29,8,1102,354,518
12440:398,17,2447,302,9629,70,11644,1905,15,899
7461:17,302,866,564,654,650,361,616,58,2139
739:17,564,58,84,736,1102,138,302,654,8
27447:5975,13341,2510,9054,14268,10981,603,6311,7926,4040
5706:8166,302,616,58,654,84,8,736,518,650
23287:122762,110104,107777,103775,78853,96824,46718,47544,31883,28693
50353:1002,3506,4513,710,16036,6315,8928,371,5122,4444
21463:354,654,58,616,84,1102,8,650,76,6
39242:970,496,2714,4487,774,1524,3233,3207,17,1389
1129:302,616,84,654,58,736,564,101,650,1102
35290:17,302,654,76,616,58,8,866,84,29
15623:302,654,866,84,361,616,58,29,8,76
28782:4755,2880,34946,22,378,16145,58316,17015,3789,1712
31620:12541,22037,68987,42733,42089,17,302,654,76,616
26353:168,719,2318,1326,76,801,17,9417,1460,984
20958:17,302,654,76,616,58,8,866,84,29
4948:25892,354,10046,76776,254,105536,44,114144,76,15232
9033:110825,74069,53924,97380,23748,25787,17,302,654,76
35092:16166,23467,37265,47970,11351,15184,21486,720,58,36088
48572:1294,17,302,654,76,616,58,8,866,84
47529:17,302,654,76,616,58,8,866,84,29
33936:17,302,654,76,616,58,8,866,84,29
19882:785,302,654,616,84,518,58,8,899,354
23246:226,1400,986,81,1551,70,13392,8321,2685,375
4368:65,17,486,302,3046,1382,518,3039,1152,236
11390:17,302,616,654,8,84,58,76,650,29
2030:568,58,542,17,302,616,654,76,650,238
29034:121428,5047,52657,57653,69891,73467,76331,74147,16901,112281
44471:2265,17,76,262,500,866,698,2139,361,780
43497:654,616,58,84,29,8,1102,650,76,518
17029:118507,120673,624,115553,564,1418,31890,104821,30605,10622
43814:6768,17,302,654,76,616,58,8,866,84
1639:17,302,58,654,29,616,84,6,289,1550
9523:17,8,616,302,58,508,654,101,15,84
4633:31670,1412,57912,76918,19786,1335,8977,35545,2869,848
16967:17,302,654,58,29,84,162,6,616,866
22383:29369,17,302,654,76,616,58,8,866,84
15896:17,7141,89726,43180,81,19203,659,34532,4347,75581
7715:17,76,302,182,650,654,1245,698,564,616
5111:101,5189,114,7010,2765,3231,1231,704,1772,7257
26417:8322,24933,13077,9674,30815,16965,6856,51232,36432,19528
7317:4828,654,84,616,58,736,1102,6,101,76
1308:1236,17,302,654,76,616,58,8,866,84
18654:654,616,302,17,29,76,650,239,8,6
5390:112802,35495,39366,48954,53595,4481,74892,93373,100351,73220
47047:669,17,302,654,76,616,58,8,866,84
28765:8009,962,661,111500,9531,5738,4342,17,302,654
50923:17,302,654,76,616,58,8,866,84,29
23192:17,302,654,76,616,58,8,866,84,29
31293:20270,17,616,302,654,58,8,1804,650,564
43508:23974,85367,1528,41344,4589,6270,601,1467,3514,108747
13267:17,616,302,654,29,650,76,542,6,564
24698:361,17,302,654,29,354,76,84,254,2139
45359:17,302,654,76,616,58,8,866,84,29
23934:17,302,616,518,8,58,654,101,84,76
21536:17,302,654,76,616,58,8,866,84,29
24061:3583,4645,6009,5303,35628,38084,35,21472,88476,100968
42543:17,302,654,76,616,58,8,866,84,29
21563:1152,17,302,70,354,616,29,650,58,138
4672:5553,17,84,8,616,302,654,518,61,3233
10946:2442,15079,28190,10146,109897,39,68048,55270,34541,19890
8338:14885,1696,12931,93388,72825,8712,347,361,262,29197
2469:559,302,84,29,518,542,61,866,103,616
24893:8783,2528,10692,1651,76,4146,28389,885,16995,670
51373:327,2200,616,650,302,17,76,8,70,889
17712:21633,17,302,654,76,616,58,8,866,84
219:15540,302,17,616,654,76,29,736,84,518
17877:46862,19467,101952,80028,31551,17,302,654,76,616
20604:25018,2582,11899,7225,12657,2888,2103,574,37594,41075
5963:6311,306,7641,603,8640,61424,46614,28530,44227,7926
46527:17,302,654,76,616,58,8,866,84,29
33884:20987,533,9054,14268,8360,6311,15506,122646,112867,110262
23878:302,654,5303,5904,8,696,366,17883,22311,19643
28860:882,17,302,654,76,616,58,8,866,84
22134:873,17,5567,327,65,1382,302,58,224,654
3401:10493,62,15134,6575,5107,4628,46031,46613,22272,12760
15595:17,302,654,76,616,58,8,866,84,29
50584:17,302,654,76,616,58,8,866,84,29
8412:52057,103739,72832,103154,62434,34,22771,73896,70615,49590
50603:78185,17,302,654,76,616,58,8,866,84
4542:17,616,654,58,29,650,76,8,542,84
7206:1382,4740,633,28140,518,3162,220,902,3,8846
39068:17,302,654,76,616,58,8,866,84,29
9003:3439,4042,15194,15914,162,1239,807,1099,2429,47630
15226:17,2946,76,2675,1119,17508,5975,377,176,33963
19092:1539,5287,4320,119874,3484,112626,1730,20786,7980,9266
10552:17,302,654,616,29,84,162,736,101,8
11439:93409,26045,108272,757,36819,5117,13206,38543,826,93590
30212:18393,67498,17,302,654,76,616,58,8,866
22367:81,2379,2967,986,70,1749,3423,140,500,29022
27496:24246,13926,19000,16424,84430,113529,94017,95432,11935,52395
20300:17,302,654,616,48,518,6,58,84,245
34982:9633,18240,4672,16305,6244,984,574,22796,7482,17527
25842:38870,17,302,654,76,616,58,8,866,84
47042:17,302,616,650,542,32,8,518,564,238
13660:17,866,354,302,654,29,70,76,84,8
28928:3440,1917,1617,69,38690,88234,43327,17,302,654
11946:901,2109,31908,8691,119463,542,3137,7048,226,1884
7344:17,302,654,76,616,58,8,866,84,29
12669:17,302,654,616,29,58,866,650,84,8
2083:8,26061,24170,35025,41690,45615,37656,75316,28020,105793
21073:302,1002,654,1410,17,899,31939,2838,24738,6918
53064:17,302,654,76,616,58,8,866,84,29
5720:2953,17,302,654,616,518,354,58,29,138
53133:5468,92702,103941,51868,40639,34675,68175,28710,68946,992
17748:1180,17,302,654,76,616,58,8,866,84
9394:65,302,654,616,84,58,29,8,1102,518
36844:17,302,654,76,616,58,8,866,84,29
35588:17,302,6,1471,3039,1077,422,1362,188,3
36674:98,17,302,654,76,616,58,8,866,84
11114:654,285,101,1140,58,616,6,356,29,581
9057:4103,719,463,168,1528,5480,10778,8860,9417,15623
18052:3107,1352,4825,189,3172,2880,2579,1712,23191,6434
15763:17,302,654,76,616,58,8,866,84,29
13134:17,302,616,84,654,58,1102,29,101,650
349:76,49981,14195,9655,2488,2021,2373,15443,736,109968
16402:37763,54467,83380,117621,69733,8864,71625,17,302,654
20674:4372,17,7006,1589,3915,76,5254,654,3864,11535
43268:495,17,58,654,1550,302,285,616,29,3101
11458:3057,17800,1345,24893,9716,658,616,4083,861,6249
9401:3057,1326,81,40,2582,10267,1220,14784,3288,719
12164:121423,902,194,9246,25115,2657,8055,612,1603,289
40947:224,17,302,654,76,616,58,8,866,84
26030:262,17,500,76,780,866,226,698,302,361
7501:12045,99520,1065,9303,5413,79858,7626,69748,106226,12634
22639:17,654,29,84,650,8,1102,76,736,518
4723:76,17,361,866,2848,2139,6387,81,40263,500
32864:118606,105995,39592,93391,31695,97454,98595,837,3704,75594
26439:17,302,654,76,616,58,8,866,84,29
7823:2579,1326,76,117,168,508,226,986,297,1007
20170:4880,81,4991,508,564,262,3484,877,1410,3977
6598:94,302,616,654,58,29,76,84,354,289
