16828:20224,112461
26756:74038,13073,20836,13073,20836,885,16995,19330,1546,31315
1345:1267,4009,5731,31133,1023,1140,1287,48,4009,1140
18784:285,508,18319,3631,15713,2168,1091,23681,17,302
46438:678,1091,112461
14154:378,1102,119,470,1790,9581,10493,14518,76385,76385
7503:1205,2028,1744,2351,508,2028,2028,1744,116,2028
37733:2447,17,302,675,84,76,8,650,616,236
19018:16669,66758,66758,66758,66758,66758,45541,24854,1784,1787
24222:30143,11664,1749,39162,30143,12223,17,564,302,650
19399:24347,112461
25792:20797,2268,2268,2268,87563,24347,1951,17,185,245
23272:31392,112461
987:1102,239,3234,1119,546,931,1499,7194,9617,12539
16504:37332,67812,23161,76076,121393,9660,108454,4000,105844,20498
24882:101709,101709,112461
9464:244,239,1023,187,1359,6073,42701,1009,94726,3730
4589:4093,11607,1326,2809,41980,2809,2809,11607,2809,10692
2956:16340,2917,2917,17,302,70,224,654,986,866
2929:35273,17,289,483,94,87,2917,289,289,7812
11528:107613,107613,91889,91889,68784,361,866,24873,104916,107479
359:101,7426,39654,101,101,17,654,302,616,76
39146:616,302,17,58,654,861,650,394,238,138
5556:2265,123086,79072,123086,2848,76,17,6387,31633,22856
13955:66892,7426,93719,43332,43332,66892,719,76,2318,5738
7892:646,899,245,3233,508,1825,239,14108,633,1499
9316:19642,119916,74341,9475,119916,119916,119916,119916,119916,119916
1930:6754,7160,20411,18269,18269,18269,18269,7160,78182,6754
13048:1405,84,449,2618,1342,1444,22518,59259,27213,24323
10558:15623,168,719,984,8860,76,8252,2642,10267,2318
12405:378,15623,112461
19701:10048,11070,1239,1155,39162,39162,76,40,564,17
41625:58648,1155,17,167,122327,111315,2675,9438,105809,109445
25364:16386,81620,81620,81620,81,3819,8283,3423,120638,361
30594:5398,1400,11255,9326,168,719,984,463,76,10648
35575:749,1499,12489,18412,18412,84747,17,302,654,84
9207:1021,656,27290,32,27290,27290,32,27290,17,535
2984:302,891,17480,17480,302,891,17,654,58,650
24397:302,90552,24676,2139,76,17,698,59634,27180,36415
38611:24676,17,302,76,58,654,616,224,84,29
3995:16223,14357,14357,112461
31654:14357,122589,62962,114455,3131,31797,75925,813,69969,108245
229:2068,58,361,861,508,787,358,364,510,402
7841:224,58,861,61,8579,899,239,1471,294,1825
3760:302,356,138,861,394,3730,596,26010,3836,1086
27970:41476,40116,56187,21840,10530,1526,100732,61476,69699,71459
24161:32,17,650,616,855,58,302,224,101,564
4946:226,8166,3044,4249,4249,10677,3044,4249,6439,6439
2761:1287,29,5869,4702,1205,354,1389,5869,5869,4169
11852:75463,58,13224,12748,44,1876,53428,13224,13224,17
44120:37771,5398,5738,168,719,801,1460,760,1400,5480
47393:110798,110798,110798,1397,4889,5975,9054,14268,2510,8772
45546:17,110798,112461
14251:378,2162,999,357,470,13705,13684,31856,13705,13705
4990:34691,35907,9925,2030,1806,113752,113752,17,302,23313
2973:29,289,239,1119,2618,254,546,931,449,1499
29789:224,3730,112461
38356:873,2937,30750,30750,17,654,302,8,84,616
18949:29242,26281,26281,26281,8677,118440,96618,49672,119616,78387
38464:7264,17,8359,6439,1050,1097,8081,19779,70,302
17619:85526,113870,113870,113870,113870,113870,4429,7762,35757,8
35381:61078,5557,13013,20842,101,683,71031,77381,82247,30718
13016:14571,50596,112461
17617:2123,50596,50596,50596,616,1133,370,23503,2149,3527
21381:6300,4712,2708,4712,50596,29310,2708,10493,4712,29310
35904:2379,81,226,70,17,3423,1884,6545,508,76
4423:5237,56954,3083,2379,2379,56954,2379,2379,14147,5953
26994:36485,14147,112461
35644:15758,813,14147,14147,17,302,616,273,654,58
17710:1407,6073,4326,9337,3297,6073,8411,6073,1091,1091
31640:115071,112461
22313:76,115071,112461
34517:28926,3423,17,780,2241,262,76,3137,500,986
18624:302,101,596,1578,1624,1212,2024,120,6805,9337
10431:2937,108146,654,57843,429,108146,108146,16528,1023,2101
7359:7469,112461
35961:3632,1937,68279,56,17,61,692,654,302,7827
14290:1913,37419,16440,16440,16440,76,361,17,866,2139
1722:107212,107212,107212,107212,107212,2021,2021,107212,107212,37419
50988:67734,27350,749,53521,5837,57799,44,33107,236,108375
8234:1355,56364,2139,44180,44180,44180,1355,22365,22365,3361
20838:30044,103,891,94,1239,1474,76016,76016,76016,31651
25395:90800,70164,81,5381,7211,68709,9465,60440,52680,1696
22066:239,302,654,84,58,866,29,616,354,1102
23379:48823,23922,23922,48823,23922,23922,48823,48823,48823,16965
6611:31865,31865,31865,31865,31865,31865,31865,31865,31865,31865
21245:296,32034,4181,1353,41139,32034,32034,32034,32034,32034
10523:1790,12551,1885,112533,3440,27290,27290,27290,27290,3440
16440:59582,59582,59582,59582,26697,37315,38322,8611,58959,62979
3318:32747,3106,302,17,1196,654,2073,650,115677,57192
1264:8870,28,3313,3736,5767,108787,16935,4005,28943,22411
50741:1140,1643,1856,121522,47405,79525,122974,21292,81918,22048
32157:75680,75680,112461
2685:17,289,3234,449,3730,4042,93609,3234,3234,616
38084:49310,449,112461
61:289,239,3234,1462,1762,449,596,1499,470,690
24829:422,5998,394,999,1499,1475,9581,7184,6579,999
5188:3107,1256,999,999,16386,13634,999,56254,56254,378
3171:30490,9435,19184,19184,8300,19184,20390,19184,19184,19184
36301:19184,19184,112461
42054:21693,21693,19184,7334,9594,111263,4671,1077,114623,21860
47636:118333,112461
38:4707,17,3234,289,999,1462,3730,2073,1407,205
20152:63133,38832,554,101,289,6810,568,6472,901,449
13993:239,94,1475,4425,4425,302,654,84,58,866
18237:22475,112461
12994:9678,48188,4205,48188,1344,48188,48188,22475,22475,22475
32218:866,48188,112461
34816:56483,112461
8416:65,302,76,1023,239,449,891,7407,6793,1058
48168:48639,112461
3126:891,2907,112461
1581:2379,3939,11772,15380,28926,6916,613,7585,6623,1200
26558:26976,6743,24363,24363,6743,18539,5624,16174,1352,4755
35553:967,327,104704,104704,104704,104704,33724,21733,17,9185
3704:15,3005,6113,58,51704,94,20932,546,93168,20279
40189:2669,4541,1023,4996,4993,2919,12223,2919,17,302
13223:2181,68164,109117,1023,596,2816,4630,4630,1023,4630
10569:162,56941,56941,56941,56941,56941,56941,56941,56941,56941
36478:1410,5117,223,6732,5117,5117,6732,223,17,302
44294:4940,37771,56750,168,5738,719,984,661,9417,2318
12840:239,14327,302,654,84,58,866,29,616,354
19093:10236,10236,20416,51768,75244,500,81312,112461
11646:511,45022,45022,42843,42843,1958,23225,23225,13750,1587
31576:6901,7806,12223,12223,7806,7806,17,302,226,564
41970:75361,112461
28471:787,6435,714,952,111958,85128,85128,17,302,1382
37881:787,112461
7197:70241,50044,15213,79365,78445,49533,6384,1471,17127,8826
46707:89090,112461
37647:9524,1937,23491,1326,2513,22365,8860,5403,719,262
51548:28926,3423,17,780,2241,262,76,3137,500,986
10706:1762,239,449,6836,18844,4999,76677,38892,86177,449
31277:25892,354,10046,76776,5820,378,53517,15232,76,63764
5124:289,508,1119,449,2618,1499,2669,4802,4328,3588
18933:357,17,616,2618,394,483,449,1462,1231,596
23607:13573,13573,120007,50563,58986,1164,12136,86635,6379,1696
33643:11653,102081,11644,4699,3039,37507,8209,398,20490,4719
29252:24467,6680,16701,6680,11653,16701,42870,20416,27364,76
27996:40959,112461
10339:119,29,58,239,15,1119,1762,483,131,546
28544:36235,33176,27322,55685,82748,32246,34364,27290,6745,67843
36461:2292,36235,112461
45426:36235,8322,24933,6856,9674,16965,13077,38522,36432,11072
48666:6916,81,17,76,5812,2292,17403,2139,361,70
33059:20351,20351,20351,20351,20351,20351,20351,17,58,616
3159:86744,5364,26981,21659,12223,21659,86744,17,302,564
43205:46267,50862,110783,74487,37841,2057,66068,1709,82715,18595
2948:1217,17,861,394,289,1140,32,45,966,1535
14851:239,1455,14018,14018,302,654,84,58,866,29
33970:29202,60622,1455,60622,83078,110724,85646,52365,1404,95963
14929:7100,1951,18359,30758,311,358,1951,96540,18359,18359
7743:4123,2139,22699,6177,10778,5022,64990,453,29089,138
44911:83740,112461
41303:8870,83740,112461
13563:508,508,17,302,1551,70,654,616,15,518
24147:1913,22614,2265,68721,100259,7931,105209,22856,6387,5398
4435:3818,8392,9189,30936,19282,3145,203,1753,36218,311
43079:9594,1643,1856,121522,47405,79525,122974,21292,81918,22048
11533:10996,162,605,37237,24323,23055,9594,162,19715,162
14104:9655,65954,7950,247,15947,107854,84826,37591,1193,43930
36492:10851,5170,33818,33818,5888,20547,35030,47812,16042,1267
16994:28926,41129,4292,7377,92866,92866,92866,92866,3423,17
44252:4775,3517,354,10046,76776,5820,3250,518,6704,14316
42763:21317,4775,112461
10111:2484,402,119,4697,1023,678,9654,15663,72425,6708
18768:6547,596,596,2822,17,302,58,654,616,29
23735:596,79476,112461
30103:45533,112461
18982:114359,114359,114359,114359,58,2843,138,698,358,81
9155:861,4268,25934,47339,47339,47339,47339,47339,47339,21047
51750:64085,4268,112461
30318:39237,39237,73229,73229,73229,73229,73229,32736,77559,109122
32621:13135,1558,10970,116603,13135,111975,202,15676,60229,11
23619:4825,23884,10687,3328,66785,4060,27028,3328,3328,2259
40090:4249,17,65,131,327,84,301,8,302,736
6487:187,4249,187,4249,4249,187,17,84,650,616
41192:115832,112461
35482:21339,28217,6950,10312,34163,947,27925,58943,61741,42954
10814:3852,1790,673,13106,78365,21339,81,5767,3137,780
27858:402,654,6759,8782,101702,986,99106,74216,107112,73138
38221:103337,103337,112461
46388:30634,32846,95625,102179,32063,62099,33429,27983,236,62
42610:301,17,1348,654,138,42701,616,7611,8868,76
20782:21524,16145,74953,16145,16145,16145,16145,16145,7209,32479
12939:6435,101647,44541,106561,1508,36685,76691,41961,36412,2937
24792:15111,6435,112461
31267:568,32320,22501,84,3824,40367,518,1874,736,65286
20394:28605,26095,28605,54099,77678,34957,99386,122345,352,17302
21000:15299,13884,13884,13884,15299,15299,13884,13884,76619,13341
33025:7703,21744,21744,40420,39016,32400,55696,122730,113538,109298
40679:39095,48809,112461
40437:7806,17,226,302,138,76,654,1462,84,866
10353:11030,112461
29299:29,111985,111985,17,654,58,616,84,1102,650
14094:6353,29,29,29,112461
43290:22851,17,90191,36231,64869,6678,1069,8404,23797,103826
22664:116,302,13523,14750,9581,22851,17,84,518,654
6676:546,534,53322,32256,218,1591,1091,53322,1591,53322
27746:53322,823,73819,94496,95318,118393,112461
44624:53322,17,182,302,650,1245,654,616,58,29
39593:115619,112461
647:74476,74476,74476,74476,74476,74476,74476,74476,56041,74476
17826:3225,47290,1730,88768,2139,34500,683,76,112461
11926:56125,78684,4881,56125,96193,96193,3450,96193,96193,96193
3582:508,3704,28490,12155,4662,508,3704,508,17,302
49086:99606,112461
34576:10446,10446,10446,77319,99609,116469,394,20043,4880,2139
3048:16534,16534,112461
11817:18648,46138,18914,46138,46138,46138,17,1965,302,65
23388:94812,94812,72087,109635,63230,93149,119288,82125,34119,37035
8127:88347,92231,92231,4755,35148,82906,27943,112461
38872:13398,92231,112461
25839:41495,41495,112461
13707:2316,289,4813,35891,40572,25363,40572,25363,25363,41495
11092:2579,25363,112461
799:44773,30143,918,5022,7831,44475,30143,30143,29159,44773
14910:89610,89610,89610,89610,89610,89610,15777,29740,7669,39648
4050:29,289,1119,239,30,596,654,5922,120,12223
32548:661,33450,112461
14773:70475,8795,112461
6338:398,138,1023,3374,6202,1102,254,239,546,813
20355:2153,546,39597,25855,31890,40269,3599,43561,56465,2153
39514:61658,25855,112461
6125:38986,109015,431,30111,28248,109015,64055,64055,64055,64055
8919:61742,899,4487,26841,20192,13072,4487,13072,13072,13072
21654:4784,26971,104607,86137,121481,40888,13094,1144,52642,112461
15543:17479,12844,15366,6411,114543,6928,61778,32798,75642,202
22793:31227,31227,68112,1446,33963,6264,24775,176,2021,2946
13189:4093,68112,4093,68112,41980,41980,68112,10692,6901,2354
7154:494,11070,4093,4093,4093,76,40,564,17,2139
3818:3177,11070,112461
25884:749,17,162,12489,15524,302,654,58,29,616
38819:3159,109884,19735,2665,76,29209,30523,28254,4023,8692
10859:11987,564,13895,84156,13817,35985,70489,924,225,67691
32137:29282,75868,88775,826,4647,5829,385,19116,131,122058
16320:15754,394,119851,119851,119851,1960,119851,119851,119851,6444
20435:15754,112461
21393:302,289,394,470,30286,80990,289,7655,7655,7655
133:1885,3246,7630,2838,508,16101,30549,30549,30549,1598
8704:749,29,70,546,239,32,1728,482,1475,13083
7905:20375,3962,74497,105664,7564,23714,21290,48173,61656,39168
12990:302,861,289,4181,2168,511,19079,97322,12471,19079
9681:5048,546,901,114,17480,3730,9024,7428,12471,37964
29365:87971,87971,87971,87971,112461
13464:168,1400,9417,2103,9874,72,7225,37042,4103,752
38835:1397,3033,84516,533,9054,2036,14268,6224,4656,7641
31483:48668,112461
17702:1218,1218,70,17,76,81,986,302,616,138
32491:2265,2848,76,17,6387,31633,22856,40263,5363,866
7397:6275,861,138,32,690,4210,1596,4210,138,47
29451:5117,30,1820,1866,892,14508,6509,14508,17,1119
31438:12223,17,302,564,650,654,616,58,866,361
33911:19431,875,1119,4884,1119,7400,98812,98812,98812,98812
5603:17,29,1089,5702,633,3730,1205,9618,12491,25492
50722:26681,118711,37560,112461
5406:58,16271,87040,87040,87040,87040,17,616,49472,787
596:4268,4422,15914,4697,633,131,3184,5117,3213,55757
25205:15992,535,66892,1256,1875,3599,15992,15992,1002,76
24590:3843,535,112461
1422:103762,603,603,66254,5319,5319,5319,119874,119874,73759
896:239,103762,302,654,84,58,866,29,616,354
2047:58,999,3,358,449,71313,4542,6759,483,6457
7430:89895,76673,45240,45240,45240,45240,45240,45240,97923,70681
4712:56204,113685,1451,113685,56204,113685,113685,113685,100505,113685
3827:29,861,289,239,1475,1444,294,2338,2944,6916
24196:12223,30475,41658,107350,112461
51966:106174,112461
24065:27522,8906,44845,58575,1099,54152,782,96831,31222,115635
4982:1382,2661,2661,2661,2661,2661,14626,14626,44501,44501
22849:25855,1693,25855,6097,76,1326,5738,297,2153,168
40267:14754,7235,5022,15623,17974,31890,34747,12223,14754,17
6410:6387,31633,40263,5363,1936,31633,696,12326,17990,17990
4101:6444,119464,76,2139,168,1970,119701,654,616,3348
25779:1218,70,17,76,81,986,302,616,138,1884
40070:11404,1218,112461
25199:1119,6450,239,901,3017,118959,120,1218,6450,1119
19897:13681,3231,118959,273,17,36518,99765,76375,1553,3494
19209:398,354,2200,90806,114025,4945,42514,1905,1905,1569
18249:22488,22488,22488,22488,22488,18405,10503,22312,38216,57566
40442:2384,112461
29715:21174,2384,2384,2384,112461
29834:394,3599,776,7806,2384,3599,3599,776,3599,3599
7620:394,59116,17351,76815,10175,817,6344,59120,288,50887
1926:302,899,32,61,239,162,901,546,1089,873
34126:564,11070,76766,76766,76,40,17,2139,96,1069
40108:70244,112461
46681:72005,72005,84190,112461
854:2108,17,58,1102,245,964,908,1039,15921,901
25864:76375,99765,20114,273,21774,2602,138,162,47373,1021
50782:13303,84,327,8,75523,75836,62478,111452,112461
30903:7235,73366,73366,73366,168,76,2642,661,984,463
13014:18289,14572,18289,2852,67632,64086,34867,9783,40495,2337
25814:94,18289,18289,18289,94,18289,94,17,76,650
23757:3915,34863,34863,34863,34863,17,76,508,1589,7006
38877:27484,3348,2582,61651,10778,25855,13917,81,76,17
3036:2825,112461
42392:37209,37209,112461
10584:785,18239,18239,18239,18239,18239,18239,18239,37209,18239
12056:18239,112461
6437:51865,51865,51865,51865,51865,51865,51865,81,1749,31796
18930:16904,302,40167,5178,302,12726,12726,17,654,29
37631:866,5178,112461
36050:59471,112461
31467:48636,112461
14952:44265,77550,17407,39163,109963,92577,69853,56352,31644,119321
8560:17,3234,891,3730,642,3234,58,616,84,1102
15287:1023,17,76,302,654,698,866,138,84,81
39863:13517,13732,13732,17,616,302,654,650,22315,58
28394:2028,1002,710,4696,931,17,15992,48521,99962,109356
1927:84,5991,891,1091,7812,891,2519,5991,1091,1091
22336:14486,891,891,112461
48911:36435,891,112461
27554:254,24141,2149,87837,87837,87837,361,17,302,654
25275:1050,353,103574,103574,103574,1951,185,245,17,15592
52011:103574,86484,49445,30982,53409,239,46390,76,60520,1832
8634:20846,80468,80468,80468,80468,4364,4364,115720,14960,118692
22279:70989,114976,110115,72638,47707,36540,55486,81850,94739,18502
20937:19697,38992,19697,4755,1527,3107,2880,10041,1712,8848
12227:236,1359,1598,119,119,356,74011,29874,12259,24143
8199:61997,61997,61997,61997,112461
28552:2316,40572,46179,58,302,616,23591,7682,40625,224
8600:4205,17,931,238,873,1360,1099,70,654,84
31644:1164,44663,7203,41385,33916,44663,44663,44663,76,698
26515:28926,55222,12223,12223,17,302,564,650,58,866
1907:42967,15,37809,58,105,18113,61012,361,42701,61012
8312:10792,6315,1256,22363,10167,1340,18783,4421,1885,119
3466:6704,3264,1656,15640,16592,37498,18747,40457,14316,33094
38099:32037,6704,6704,112461
12026:15,239,97,1243,42701,7894,4169,42701,1243,1243
17966:10289,22041,26321,84359,70241,112461
8754:24472,1102,58,899,2937,239,245,873,1499,4542
11403:749,518,546,1344,239,1790,31216,3730,470,1913
32503:20948,71770,112461
24461:301,71770,112461
18459:1155,1778,89981,73305,89981,89981,89981,4833,5006,4057
33389:1400,17786,168,719,2103,11760,463,5738,2318,984
28825:703,58,8881,98760,71894,71894,71894,58,17,101
38585:58,3922,79725,4029,238,69321,96471,1546,112461
12187:14434,32256,76737,76737,76737,17,1550,654,58,616
16805:65,1109,6793,888,80468,4881,17,302,616,654
7434:521,58,29,239,356,1089,3730,813,925,1960
16926:65,302,58,138,1140,6759,22699,6793,6177,3561
48251:2399,138,112461
27955:52077,2656,8,518,8780,122650,99301,5998,564,11547
46084:52077,112461
24075:1913,76,361,17,866,2139,6387,2848,500,22614
22894:5099,2852,17990,9516,2515,42246,69933,87844,29870,36644
42415:354,17,616,302,58,1196,378,76,654,81
29958:2776,17,1239,96143,58,654,650,239,302,861
9110:102473,9471,102473,102473,9471,9471,9471,9471,9471,9471
25386:726,1119,239,1820,26363,67707,67707,67707,67707,67707
248:13378,97,86656,2168,1318,17891,3017,24699,24699,73121
29548:7624,77310,28956,7428,77310,28956,7428,15754,17,302
344:4907,2153,9417,7838,984,574,5403,16047,19668,1256
21215:12223,13380,17,302,564,650,654,616,58,866
20309:4374,4628,2097,4628,4628,4628,4628,4628,4628,4628
50019:3976,2724,76,2139,29875,70500,4880,4268,5857,2373
8428:14,32685,32685,32685,1460,6097,1112,2153,336,2342
2612:268,654,861,7010,103,813,58,690,483,1573
7292:9091,15755,15755,15755,1239,22801,22801,22801,22801,4541
3396:82995,82995,82995,82995,120100,7033,23131,69981,80301,62188
11566:37872,37872,112461
7147:14342,97941,97941,97941,78825,36760,75948,50927,2103,168
29895:6457,6457,17,58,654,616,302,29,76,301
6591:39039,30322,30689,3141,5969,108832,112461
32027:8216,646,8216,646,17,908,84,899,302,8
34075:7132,67033,112613,2579,297,76,1326,361,2275,106
21330:1412,1412,17,8,84,262,1102,1009,840,20525
1069:749,301,101,1140,138,1119,239,932,353,358
25654:13896,13896,1218,15180,39464,95195,2265,35907,1913,10236
13089:3632,1262,17784,27379,2966,100405,2966,100405,1262,13896
30535:27379,27379,112461
22730:861,16340,45787,45787,27379,17,58,302,654,76
12729:6491,1133,6491,16731,16731,500,17,18239,6127,361
14838:16340,986,70,226,2630,11645,17,698,901,76
4654:116,302,35219,3753,12157,21580,17891,34065,12893,21580
24891:34065,112461
6897:239,4967,6466,4249,6925,6925,239,6925,6925,6925
32401:119508,112461
12780:2980,119508,119508,17,12090,429,26360,76,616,654
4814:254,546,45287,17974,12223,42743,17974,12223,546,17
23456:77723,61527,118754,116302,53860,11434,6033,483,899,273
13479:24761,29,17,1102,1550,32,486,591,1444,9538
264:4083,58,245,402,6011,2548,508,3008,2626,17071
9987:15026,10936,31177,2079,14888,17045,14340,8249,5115,58139
36700:61071,112461
18499:3771,1578,97312,2626,470,5819,41306,7882,52019,18381
45086:28635,52019,112461
39680:49082,29821,90871,65724,115480,112461
7340:5670,15238,11579,5097,3568,40,890,1730,8897,70959
47370:97322,650,17,302,2429,58,616,654,81,358
10137:787,5117,3001,3001,3001,17,4268,302,1119,774
12734:2338,3646,4820,17,654,29,354,616,302,58
30245:5545,5178,5545,1790,70,17,3376,76,226,30057
42442:5545,112461
12543:63285,5545,5545,5545,5545,5545,5545,5545,101362,61774
4204:573,769,769,29115,769,769,769,769,769,769
34483:14636,52077,8,9093,20931,939,518,4300,5998,84
28282:29,33832,87270,17,654,58,616,84,1102,650
20608:29,26473,112461
3583:68326,28160,1164,4021,24323,4021,22801,6039,22801,24323
20185:22801,8322,24933,6856,9674,16965,13077,38522,36432,11072
27170:5904,22801,112461
45611:22801,1643,1856,121522,47405,79525,122974,21292,81918,22048
43681:65650,65650,65650,112461
11540:19065,26293,19065,19065,19065,19065,19065,19065,26293,19065
3479:470,44407,9437,100238,44407,15522,32692,6457,5706,5706
17738:31495,71463,31495,121348,121348,121348,121348,121348,121348,47345
29592:1384,121348,121348,121348,112461
22310:121348,112461
32945:18694,121348,3313,16827,224,3325,2658,23068,873,24163
5923:1196,616,2669,4328,4205,714,5022,18914,2483,9355
40653:1696,4328,112461
12224:1099,2139,114793,114793,3137,2484,114793,1099,114793,114793
12406:986,2121,13750,14416,18348,18348,67033,67033,7806,14416
16657:12223,17,302,564,650,654,616,58,866,361
19374:20477,20477,20477,30156,629,17649,20745,23444,26075,36205
20356:63921,63923,508,17376,6491,78560,78560,78560,78560,21604
17418:6694,6694,40013,1351,30941,104003,112461
3381:6243,612,3704,3850,1091,17,302,654,564,76
33274:947,3704,112461
39084:2379,3704,81,226,70,17,1884,500,3423,2967
33247:28943,654,1924,5867,17,76,650,508,58,486
5518:5408,5408,112461
23251:28926,6836,99819,8276,1218,99819,5408,1218,8276,17
48250:6836,21587,29012,43289,24432,122419,112461
7124:57305,7196,7196,7196,7196,7196,51130,1287,15775,1744
20194:76,7196,7196,112461
1708:101302,112461
42814:115444,340,20191,43863,52179,48466,69926,76078,78713,82342
51036:17146,115444,112461
2725:7535,33094,45561,999,813,1102,9077,239,1102,33094
5488:95572,1064,95572,95572,95572,95572,2059,65646,11931,25471
22540:6916,6916,81,17,2292,76,17403,361,2139,986
17354:21036,21036,44609,891,56518,542,24534,87065,88246,3737
9627:354,6836,2917,7806,84414,354,354,17,226,302
13130:43714,19551,19551,19551,19551,13332,13332,19551,19551,19551
7621:65,302,84,138,510,239,394,931,1822,6793
28216:8566,5975,459,17,76,32062,7072,2025,47217,66298
4232:967,2435,2157,15431,111956,111956,111956,111956,111956,111956
47372:669,1077,112461
16486:9012,4801,55559,55559,190,44236,121246,80653,58,755
31446:7984,76,17,508,236,564,226,302,65,616
5405:285,654,1239,7437,61287,61287,61287,483,5985,61287
24711:16960,16960,112461
177:29,642,3142,9594,1140,1550,91097,873,2937,59352
17542:1410,29874,22135,23653,5142,888,1140,888,1140,1410
12718:9874,2153,1013,6097,22505,7235,7426,11433,599,4017
22551:162,14018,302,17,654,616,650,58,29,1102
42114:7703,65254,80265,65254,65254,80265,74529,32400,40420,39016
24292:58,302,861,239,1550,3730,120,12223,80265,84
23384:12161,31607,19633,23335,99703,88470,565,1979,273,20495
22948:7630,6135,21287,12161,17,245,1065,710,21110,1002
28457:41930,7630,112461
5902:15,239,254,534,302,361,654,84,58,29
34104:60769,112461
9719:48532,48532,48532,48532,48532,48532,18952,2318,901,48754
4809:8321,48532,48532,48532,48532,61718,61718,61718,61718,61718
6181:65,889,58,1405,302,8579,4181,6374,7984,11846
34367:55381,112461
15661:116196,11963,2051,1790,22599,37211,1709,41901,47144,48189
7524:31361,2351,16386,31361,31361,31361,31361,31361,81,3819
19586:20952,2703,5215,18966,82537,8567,929,262,123042,120186
37261:20952,112461
27628:5022,40601,87280,87280,87280,76,17,736,616,8
13553:51499,51499,51499,51499,51499,10015,42504,40,564,46139
45262:79659,86809,112461
17720:33236,33236,33236,33236,33236,33236,33236,33236,33236,79659
40543:39062,3169,8752,20752,67057,61,109285,116855,112461
35915:39062,4308,12968,2856,11577,5486,43914,119834,7940,16360
33311:85686,85686,109210,6778,76,66187,72342,5815,112461
22513:1143,78114,7806,2971,3145,30490,17,226,302,654
27755:1143,112461
860:29,289,239,654,357,616,84,650,76,866
15016:289,289,289,289,289,10406,10291,2337,6311,72788
29759:113921,113921,112461
2102:1958,84,1187,1389,29,58,2937,94,239,5117
11895:101,58,138,239,546,1023,999,3730,8881,42701
39565:873,44318,17,710,8928,947,8,1539,4513,1002
31027:44318,112461
321:1119,17,48882,8166,83237,84,60524,646,889,83237
8612:302,101,591,396,7882,101,591,17,654,29
5426:16286,138,28926,2301,1453,12471,1468,2157,101,238
28716:114920,112461
44618:39932,114920,112461
41799:74903,112461
15944:90954,112461
22854:2153,21038,7426,3211,2370,24740,3211,2370,21038,719
30133:2528,71863,3095,3095,10692,6901,6117,76,8783,4146
31071:774,25783,1827,2714,2696,1524,3506,2403,26848,4421
12268:944,1784,774,33572,709,33262,1600,1784,1600,1600
50701:32728,3994,61,10825,8651,88859,2064,14626,100341,49225
25304:34747,168,1528,719,76,1326,226,2318,1460,463
7101:29,30330,30330,6102,18792,33218,60959,94897,39958,9745
11331:6759,1023,508,364,11089,2582,1499,7338,5922,5111
16582:4173,17,58,354,162,394,1009,3730,1509,965
7506:155,289,162,591,3,690,1462,1190,674,2937
29015:162,535,24312,15809,2917,162,17,302,654,224
16048:22528,63581,2937,15,1109,138,4838,1462,11155,51310
37148:24432,24432,24432,24432,19908,6125,6186,53339,82554,27339
14735:18076,4837,4837,18076,18076,17,226,8,138,302
16187:2582,48386,61918,97235,10602,75268,75268,43332,16386,17804
33216:25433,2582,112461
44914:254,361,17,302,654,354,76,84,29,70
14260:873,24517,109451,121730,24517,121730,121730,986,17,70
40612:16305,24517,24517,24517,1081,719,168,45357,2675,2259
24391:899,239,42057,16977,88236,302,654,84,58,866
17534:6073,2140,46891,19826,24699,6073,46891,17,182,302
12526:931,1475,34035,61017,931,61017,61017,61017,394,52980
29555:1217,29,1535,1180,43133,2013,8881,71395,16271,22070
19328:43133,112461
25921:899,899,899,43133,43133,43133,47980,70,17,902
29508:899,899,12223,17,302,564,650,654,616,58
7850:869,1023,3915,470,2181,18012,39654,6566,18914,1023
4280:354,861,289,239,966,402,1462,813,470,294
25342:15781,7806,15781,15781,15781,67633,67176,107543,120595,112461
28570:294,17,616,302,654,58,650,8,76,29
28106:84,449,1822,2937,13683,454,15897,9581,1822,2872
23605:449,17,182,302,650,1245,654,616,58,29
4987:4830,19,5837,10185,6589,8,4830,4830,11579,4830
43043:75964,107756,17,449,78857,1449,3191,119,92673,115886
31477:75964,112461
10474:1385,75964,112461
32345:111486,22135,646,646,111486,22135,17,908,84,899
16122:3,1822,22634,54527,22634,22634,3,22634,22634,302
4345:28632,22059,986,13544,48210,57728,46823,57728,13544,28632
7404:7528,7528,7528,7528,7528,7528,7528,7528,7528,7528
3290:16834,16834,16834,17481,114137,112461
26316:5405,5405,5405,5405,61057,95915,110514,46399,122744,70759
36515:52709,5405,5405,113102,112461
16810:616,394,1239,1471,211,1983,966,120,3191,1091
6127:873,51760,51760,51760,51760,873,10510,10510,17277,17277
10055:1997,10510,10510,37037,19021,18587,21076,75372,54276,14192
39817:17,29,25492,9337,29,654,58,616,84,1102
37893:7132,80468,24798,112805,17,226,70,986,76,138
49050:354,7132,112461
44074:90867,112461
15713:6485,9581,7882,18807,7882,7882,7882,17,302,84
30194:17,986,87097,26801,19655,71520,18807,18807,81,3423
32248:224,87790,50420,87790,49434,55723,71430,11474,1684,1362
32350:8077,87790,112461
21752:76,87790,112461
26211:120253,96305,42132,42132,22104,4475,54331,26159,262,5746
14856:4996,76046,76046,302,17,58,654,650,72449,62932
15421:80767,3363,50201,23387,97813,112461
864:19070,394,78819,36449,3088,650,1693,2691,182,4262
31375:3141,17,26735,654,6149,302,76,650,48438,107130
4058:22,302,4542,2917,79207,4542,17,654,354,58
2045:65,2419,4014,508,2934,53564,58,51704,25583,8095
32416:73350,73350,73350,95258,112461
19700:56442,11746,11746,11746,17,5598,302,654,363,58
17637:11746,13660,378,35083,78930,7457,1352,5254,4012,26610
35659:32,698,76,302,17,654,1069,361,58,2139
4012:427,18985,32658,18985,4958,3768,4967,25749,21507,21507
6819:12223,17,302,564,650,654,616,58,866,361
16791:500,67755,67755,36721,81,12190,17403,7305,6916,62168
13485:18239,23317,11772,1218,23317,23317,23317,18239,23317,81
6791:40704,254,2024,239,6916,23317,7075,239,7075,239
30320:30874,2024,112461
46274:106801,112461
8261:17,4205,4205,302,837,654,58,616,29,239
41723:7494,20972,7494,20972,7494,654,17,236,65,301
511:1240,14104,302,32,654,483,162,2983,3017,2447
6778:59292,774,43332,2548,13895,5552,1002,354,840,1352
4003:285,1102,1023,508,239,3730,4993,7806,5117,16624
36696:669,508,508,112461
5836:559,302,616,1140,508,486,239,873,1462,2626
30310:10039,9403,5097,3568,890,2139,76,4743,698,40
13797:239,633,12876,10039,3133,646,12217,120,120,86888
23558:9663,13669,11453,52267,63425,1030,25722,348,83748,66689
38563:7024,3307,1361,373,44836,873,302,2030,10046,3514
24729:34241,34241,112461
42841:106616,106616,106616,112461
13691:861,162,289,394,239,5575,182,45,2512,891
45273:57158,13732,112461
10114:2937,17,32,5286,5998,5022,1318,12223,67084,56465
20262:508,2944,41985,41985,17,302,654,354,29,84
24142:38615,121119,33928,38615,38615,1987,1804,378,33599,114785
34158:38615,112461
37723:1417,19949,112769,62505,112461
52459:107904,112461
48926:19037,17,22728,58,106240,5048,1462,81,40,430
30393:25194,1097,8852,25618,1097,3588,25618,25618,25618,2168
25784:76647,25618,25618,25618,76647,25618,25628,6665,564,21342
11727:42338,42338,42338,42338,3215,42338,42338,42338,42338,42338
25869:2816,7132,2579,9045,76,4481,17,361,297,1326
41846:32,17,518,84,209,616,6129,8,698,302
29933:6496,56867,56867,56867,122492,8940,21545,27217,39108,68216
5783:15,508,239,891,4542,6159,24323,3308,116839,116839
14190:3308,112461
17568:8870,45277,1277,14129,61377,91523,29020,6,6496,5465
20261:36520,45277,45277,36520,24862,25850,7680,122724,112461
48696:36520,1643,1856,121522,47405,79525,122974,21292,81918,22048
14948:29,239,83297,12223,2447,83297,83297,29,239,29
32518:19885,34772,21169,10316,2724,5857,1558,718,5266,1595
15268:17952,57834,58,30575,21382,13420,1822,167,167,52030
26598:24141,2149,38080,38080,38080,21813,17,10408,650,42901
55180:4707,46963,112862,120308,17739,29135,2733,19357,48729,54635
35966:2245,26763,1474,80784,2139,64717,802,17,5117,5287
34434:122150,122150,122150,122150,122150,122150,122150,112461
30158:840,157,2548,12761,33763,10541,9737,7148,197,17
6119:15,162,483,364,289,394,1239,999,2944,624
7239:542,891,29392,36890,52206,9006,66351,87578,95396,113643
8064:508,508,17,39487,29,302,654,76,31470,354
2655:65,1527,2880,10687,23884,46903,3172,378,37545,201
14363:2068,354,20223,60869,117589,8852,117589,10762,13894,31916
44103:3214,35010,17974,55569,2641,2064,9689,17,15,20768
19199:4755,7831,2416,2694,342,50589,7831,7831,1352,1527
20503:21891,26578,26432,23978,102979,112461
30324:42701,17,654,302,58,70,301,138,84,616
28096:56824,56824,56824,56824,56824,112461
18653:457,56824,112461
2906:710,12061,5117,10526,3476,970,4542,1598,10813,22649
22278:86096,86096,86096,86096,86096,86096,1164,17,43751,2139
28031:7590,162,7590,162,7590,96429,46328,3137,4813,14396
6832:14858,1013,1147,2833,7225,11433,23491,12218,23636,24068
29487:703,703,703,703,703,703,703,703,224,17
12112:13359,112461
11011:354,1957,2816,356,21935,4205,901,354,61443,61443
15590:56186,56186,112461
46132:15921,17,302,8,84,1495,19871,262,908,247
49153:4339,15921,112461
19800:239,1089,4856,17047,42057,42057,1089,302,654,84
15251:616,58,2669,9250,1550,3081,5634,690,17396,98347
10258:4023,4023,119006,3276,68412,441,102523,944,45957,100211
39057:30727,4023,112461
5986:591,354,101,162,32,394,483,356,239,358
7624:85760,112461
17421:21150,85760,112461
10831:239,3017,20114,7355,14550,20114,14550,14550,302,654
17581:77820,95384,81,986,3721,15498,85166,17,168,1550
352:23716,14597,37493,336,8684,19668,36425,23699,90254,27783
17596:224,3241,112461
22238:69648,3241,85388,3241,669,98703,121311,56119,116968,59220
36224:59865,59865,112461
17474:31315,3550,74038,16995,19330,1546,76,19829,670,698
20813:56979,56979,112461
49517:56979,3315,114361,99064,115426,101909,95815,63102,53789,107171
23112:28926,7029,3423,17,780,2241,262,76,3137,500
11171:36174,36174,36174,36174,36174,38707,97242,3016,6746,57364
31629:11070,36174,59036,36174,76,40,564,17,2139,96
10470:356,289,239,15,591,3234,1762,899,449,596
43642:106,974,4481,17,1957,10466,7624,9045,14152,3842
20748:76,7426,7426,7426,719,2318,5738,463,5480,9874
16876:1146,1499,2618,1606,27070,1499,1499,16738,16738,16738
19738:18756,2433,508,120724,120724,120724,2433,120724,120724,5176
11253:12223,17,302,564,650,654,616,58,866,361
31018:33962,84763,91805,64568,19323,46627,105832,121235,3058,353
19776:568,2030,84763,84763,84763,17,302,99033,58,616
49190:110557,110557,110557,110557,1902,98259,60566,4103,46440,4425
17591:21439,112461
23143:25855,40350,40350,6097,2337,2153,76,168,1326,698
37123:25855,112461
31557:12586,641,76,16387,22416,62507,7412,34561,3262,81
44463:285,3062,10349,2890,17,9196,596,1208,1089,289
42519:285,112461
16843:20984,20984,20984,20984,103774,121872,64875,112461
25744:239,6243,8166,20984,6243,6243,302,654,84,58
7470:1344,58,1444,239,1444,33832,1444,1444,1444,1444
44895:1444,1444,112461
30826:94332,94332,94332,94332,112461
15208:111,94332,11886,11886,71030,11020,238,58,27651,266
2481:302,239,1462,470,1960,776,1509,73828,53322,5147
30161:7624,19356,3730,120,3739,7428,13600,17,302,58
43827:18459,7624,112461
31452:59498,59498,112461
11059:53694,53694,53694,53694,112461
38374:68740,68740,2123,101353,62871,30133,87484,4985,78109,1592
7647:11070,76,40,564,17,2139,96,1069,81,2512
7207:7307,7307,112461
2292:18159,302,26579,9311,2626,4268,1146,7624,3217,33817
36161:17,3141,77089,899,41141,27439,91050,16351,1847,18055
47565:61658,3141,112461
53918:119077,112461
9159:394,18319,1598,18319,17,302,245,616,654,58
22447:12227,1598,15289,25305,3407,140,1884,6824,32166,61651
13039:11538,21684,81595,2633,48181,2633,2633,2633,29337,2633
24187:16340,986,70,226,2630,11645,17,698,901,76
12296:8579,899,4420,4249,47830,2829,14313,50594,4249,4420
29774:44811,7738,81637,66726,119818,112461
29243:6824,9289,4320,51852,84255,669,16680,1460,12412,64541
37968:74300,112461
6205:254,546,83629,11719,12223,11719,74300,17,302,654
46747:90753,112461
17333:4856,28531,32713,4378,1885,75339,4378,75339,75339,441
9633:76101,76101,112461
8832:76815,13312,10175,1784,59054,535,7418,1902,65469,12119
51287:31797,698,2139,1164,3288,40,17,76,1344,425
25767:12223,6501,17,302,564,650,654,616,58,866
6451:3440,28809,58254,3440,3440,3440,58254,58254,58254,3440
5470:7680,6863,2703,49308,302,10532,709,27125,96,20631
27701:117439,112461
1525:31528,901,84274,1331,84274,901,84274,17,70,302
10613:4110,4906,3095,48942,3095,3095,56623,6901,4146,76
25286:37600,6472,6472,17,616,302,654,873,58,429
2769:32,32256,624,4541,25492,511,359,2901,23768,2901
13433:1348,239,114,7003,86214,114,302,654,84,58
18734:35486,37997,37997,37997,37997,37997,37997,37997,65107,33195
27636:327,9581,9581,37997,17,84,518,302,1102,616
3811:75251,5319,75251,75251,10180,2021,7268,75251,75251,75251
31915:29,17158,17158,17158,17158,17158,17158,17158,17158,17158
9749:62228,62228,62228,62228,62228,62228,62228,62228,1993,62228
30232:62228,1643,1856,121522,47405,79525,122974,21292,81918,22048
39162:51091,91200,91200,91200,17,3711,182,696,53765,10601
9856:10526,13917,1112,2400,1112,1112,3632,1112,1239,1112
10925:58,354,1023,3915,6445,678,769,3915,58,58
15578:3915,56254,25564,14147,25564,25564,14147,17,76,302
17983:17380,65489,29122,89170,89170,89170,12565,36399,17210,77831
6736:19536,14750,313,3354,3712,238,28988,19540,20489,1876
51864:63735,596,68189,100414,363,101922,6824,2369,8,1709
24328:669,63735,112461
34343:55303,55303,112461
33317:25746,1270,209,855,955,17,25501,301,10247,105868
15302:26782,5876,4833,17,654,8213,96917,354,699,1265
580:4372,1527,3172,189,10687,2068,3542,1527,5398,189
30256:1713,7048,19202,37352,54472,45119,65178,65907,45843,91990
1458:11522,6793,32902,1009,1009,466,73472,6376,66463,709
26213:23875,12686,23875,62443,51880,16796,38813,46932,29120,73328
13254:17284,17284,17284,17284,17284,17284,31984,98182,41331,65777
42894:1913,2342,76,361,17,866,2139,6387,2848,500
30316:1245,1913,112461
7258:96,2103,2153,1400,72,10778,9417,21038,12722,12321
9621:1762,7407,999,193,9581,21023,13861,1762,193,193
5041:58,508,2030,394,1764,4967,4542,193,17526,39800
24586:9245,289,394,591,1239,245,5998,223,10402,1626
20165:25685,25685,25685,112461
18514:7744,7744,7744,7744,7744,7744,7744,7744,7744,7744
11568:78072,78072,78072,78072,78072,78072,78072,78072,78072,78072
5678:52302,78072,78072,78072,52302,52302,52302,52302,52302,52302
16241:8105,52302,112461
33184:52302,1643,1856,121522,47405,79525,122974,21292,81918,22048
31087:596,450,68354,68354,68354,68354,17,302,654,58
45826:88084,8264,112461
17084:500,11070,1218,7806,20603,17554,20603,17,76,302
404:29,861,331,17,654,58,84,650,76,1102
30498:27070,6754,2433,3915,6754,17,2548,3196,76,197
15203:674,14947,2337,429,16047,118409,4589,17787,509,7827
48798:654,674,112461
26177:97060,97060,97060,97060,97060,112461
7683:5022,2024,71398,97060,71398,76,17,736,616,58
32610:675,2024,112461
41569:74265,112461
18805:72,7426,21659,72,72,72,719,76,2318,5738
45886:86551,112461
26968:797,239,239,239,302,654,84,58,866,29
16602:875,1119,239,1119,17,1187,84,302,70,6450
20048:1762,239,1578,268,776,1091,320,1762,268,320
5530:8546,861,354,483,1511,1140,1578,1205,1086,5398
15928:5010,10616,112461
37711:999,66202,8,17,84,302,616,654,1102,58
20481:24711,633,1133,901,633,1133,633,633,2563,2563
26591:4501,112461
6980:5522,54142,7929,15921,54142,54142,54142,54142,54142,5522
44819:4308,54142,112461
8599:54142,112461
20400:26105,26105,26105,650,17,16013,107714,51620,97035,84800
44223:87601,58227,33505,10891,67165,10223,1592,33833,26628,13789
21635:2400,6633,30285,16206,17,302,616,1690,354,441
9282:72970,41363,14259,10084,1790,60815,11524,80990,18261,12666
33660:37812,37812,37812,104852,107090,105119,91266,87798,112461
29438:1267,37812,37812,859,47767,33750,45,616,285,1561
24985:5975,17,76,32062,7072,39925,30600,47217,102444,100110
28918:118076,112461
44467:239,18124,302,654,84,58,866,29,616,354
831:1405,58,861,2268,483,859,1039,596,5786,1471
3757:2816,875,518,901,633,239,1603,470,2416,20351
7671:32333,5998,999,2618,402,3631,999,1778,999,5998
201:899,394,239,5117,3915,9581,5117,9581,239,239
2387:72124,2217,2217,2217,2217,2217,2217,15010,2217,2217
37055:62092,62092,112461
11921:32884,18285,18285,62092,34349,48440,12895,61024,2379,30310
3179:29,289,861,239,449,1499,3730,223,7806,12223
14637:17,3158,116,414,11482,17,414,302,654,58
27623:1131,2447,73988,1218,73988,71151,17,70,76,81
47125:73988,76,2265,103857,55431,41385,88254,28670,61791,25481
343:63448,28540,18827,962,11762,56465,12223,18827,78102,962
21608:749,302,899,115719,5176,1626,302,7812,12489,25412
1214:1400,14593,9417,4792,15623,2370,32748,7426,1302,39597
2884:45315,14677,12114,5308,88769,73925,13658,10344,19980,26732
14684:2429,899,875,239,7573,2526,45315,7573,899,12246
9990:121689,121689,121689,112461
8352:873,94,4697,245,356,6793,223,429,7984,4880
32806:118678,118678,118678,650,17,97035,73972,107714,71678,32689
29689:6846,6846,74885,34540,73520,63742,60594,33396,82198,114883
34560:13544,81,44119,82886,60058,42931,1453,3423,229,3684
6481:28651,18716,27339,26821,91758,78555,1472,27339,91758,27339
10303:18716,112461
14886:17,94,1578,13684,1344,45,2937,4967,32256,680
36705:4802,17,616,302,650,32747,690,2933,654,123334
9446:239,1168,5702,12601,4262,118160,16206,118160,118160,118160
37702:63720,112461
17393:1871,63720,112461
29650:16688,63720,47645,51438,67504,65467,99179,28,112461
11637:861,17,58,302,654,591,8,650,76,84
34555:28926,3423,17,780,2241,262,76,3137,500,986
29809:873,3114,28926,3114,46637,89548,2111,5550,273,58142
24905:23627,3114,112461
17665:8167,7482,3105,11629,47600,14591,1600,1600,17,76
6244:51543,12022,68868,10306,110880,69066,71253,67703,103279,14571
16156:26617,5517,17,74248,75580,90516,28686,106855,112461
23949:76569,76569,76569,76569,76569,76569,76569,76569,76569,76569
46862:76569,26777,71715,46736,57080,58796,112461
27806:3850,33572,33572,33572,347,17219,16995,79096,670,26793
12250:289,32,931,289,931,931,931,289,289,17
33046:90139,64801,64801,64801,58287,57596,75000,51044,1462,3178
8465:1217,861,76,289,1239,402,1535,2843,13684,39347
49161:1239,17,22207,964,866,14942,4008,58,6011,75359
43165:1790,1239,81,78401,731,3197,32272,32268,70,1023
38280:78767,98683,76,4453,354,64,107331,22312,698,262
13890:3003,3003,43054,68689,13592,74885,7201,18260,59257,54147
1624:80990,568,616,3144,17,542,302,15,3235,564
3465:89991,32747,2359,5927,89991,89991,89991,5927,89991,89991
20597:32,6129,6,9246,859,13373,3223,1804,50794,53178
8753:9723,94,4856,4856,16386,4856,4856,4856,4856,4856
7204:650,17,4785,95012,302,654,58,616,84,239
1566:162,58,302,654,239,813,5575,2073,1790,7178
14832:60615,60615,60615,60615,60615,60615,20846,60615,60615,60615
50689:10786,60615,112461
47776:80127,38297,68737,28196,88379,49056,13050,48623,115290,100084
25168:239,302,654,84,58,866,29,616,354,1102
2890:427,302,322,32,289,402,358,508,518,239
20915:645,4328,4328,3188,302,17,2935,616,3297,116
7071:4328,7128,17,182,302,650,1245,654,616,58
48349:11538,81306,1344,27214,16846,55534,59321,13443,5975,121414
13666:1790,1475,29969,34143,12223,8852,8852,17,302,564
15680:65,29,1140,6793,12223,5398,6680,266,7235,16701
33647:42701,17,654,302,58,70,301,138,84,616
23011:3588,224,17,1245,654,302,650,58,616,138
9259:59259,3345,3345,23681,23681,23681,3345,59259,23681,17
21241:1913,780,16286,28926,16669,11884,32521,16286,16286,3423
18063:7612,35770,88292,24032,14819,49652,54781,58748,112461
8852:1218,1218,70,17,76,81,986,302,616,138
22510:7546,14892,9266,30564,100104,36268,91375,4270,1417,1402
2777:2337,297,20652,20652,37493,8337,28463,6906,6906,1913
11437:1902,2548,10438,43332,22917,1913,22533,10664,10438,10664
7863:559,302,58,96,1190,85616,58,1048,96,37600
8628:574,14593,9783,3190,254,254,254,254,21038,654
1883:1204,17370,899,95766,3915,14804,1471,2200,20941,3329
33583:29,15921,66104,29,17,654,58,84,616,1102
16804:713,92351,92351,3344,75732,17565,51009,50299,58,8411
3695:65,654,1119,301,58,61,931,394,356,2200
2636:29,239,1511,4542,776,7428,35320,54772,14960,21861
28472:7926,7268,32078,36084,3030,49938,75762,109752,81386,78474
17813:56091,78215,7732,10702,2097,674,12961,4205,33928,7732
35620:674,17892,112461
40896:674,674,28364,109604,112461
7642:20306,4708,10852,302,17,301,29,58,2526,3897
29937:1867,10852,112461
19139:17537,873,5975,5069,1133,10673,7707,3730,1133,791
9186:358,508,28943,1077,239,44692,59031,81950,28950,44692
28895:28950,11829,116128,105359,3842,17,47055,6007,1444,50817
43952:239,5383,302,654,84,58,866,29,616,354
45049:42528,42528,42528,90547,62,1402,1359,22712,29701,120890
39335:42930,99308,80167,120121,112461
6977:301,10561,64429,42930,28103,28103,22130,2617,50252,50252
8675:302,1119,3588,1091,5424,3588,17,654,58,84
9143:1913,239,74038,32910,12223,1218,39162,9513,302,654
29188:239,17,182,302,650,1245,654,616,58,29
10249:3653,3653,3653,112461
8482:3653,3653,112461
7253:932,7235,80780,67791,11154,67791,7923,168,17,76
44554:1913,7923,112461
6206:9035,97,1703,4268,596,394,65,2200,8411,1239
11001:9419,24239,39162,49349,2128,49349,76,564,698,1069
20690:40747,69818,77707,5178,40747,17,70,9061,20401,53638
18191:7806,22418,17,226,302,138,76,654,1462,84
27173:239,642,2160,302,654,84,58,866,29,616
12440:12548,25727,30844,601,11653,24309,398,11644,1790,63061
7461:14593,12223,17,302,564,650,654,866,616,361
739:38781,8730,17,736,654,138,564,720,76,289
27447:14268,3033,14268,86127,86127,86127,9054,2510,5975,306
5706:8166,239,4275,245,27094,5022,1342,6752,120,4299
23287:28693,10099,15906,21607,22303,31883,47544,46718,78853,96824
50353:44318,8928,4513,1002,6315,3618,16465,1340,710,24564
21463:354,239,3234,1109,8881,14960,3234,239,8881,3234
39242:774,10602,185,48550,4487,970,1511,98539,17,32048
1129:866,361,239,931,999,6491,8946,6247,1342,109451
35290:58320,112461
15623:239,1499,2338,30139,42849,59490,30139,59490,58320,302
28782:42625,42625,42625,2880,1644,6601,2834,88583,378,4755
31620:12541,22037,42625,42733,42089,68987,112461
26353:1143,94,7977,39654,8275,68204,17,76,650,70
20958:39654,112461
4948:25892,354,10046,76776,5820,378,53517,15232,76,63764
9033:25892,25787,23748,110825,74069,53924,97380,112461
35092:16166,16166,47970,37265,15184,23467,36088,34554,720,36715
48572:1294,112461
47529:1294,1294,1294,1294,1294,112461
33936:1294,112461
19882:785,18239,678,239,6916,646,6842,1542,18239,1294
23246:1551,7703,901,1555,68253,4833,27294,1542,6566,18914
4368:65,12776,285,787,654,7959,37110,633,285,633
11390:3448,14750,1435,17,76,302,654,84,58,564
2030:568,22689,3374,731,1749,28926,162,518,6254,673
29034:76331,101851,101851,101851,101851,101851,73467,74147,16901,112281
44471:2265,28926,3423,17,76,780,2241,262,500,226
43497:84,29,239,449,449,654,58,616,1102,866
17029:111148,111148,111148,7048,140,5233,21421,4148,226,25513
43814:6768,111148,112461
1639:17,398,119,11160,21336,3702,3588,6445,398,37085
9523:15325,8095,15325,15325,15325,15325,17,8,616,302
4633:31670,21206,48790,69282,30597,31670,31670,69282,69282,8977
16967:82159,69213,69213,69282,891,69213,891,302,654,17
22383:29369,69213,112461
15896:43180,17,89726,7141,81,34532,19203,659,4347,75581
7715:56465,5557,2378,31171,94940,31171,17,302,76,182
5111:394,564,616,1511,483,13378,342,31878,787,4398
26417:239,8322,24933,6856,9674,16965,13077,38522,36432,11072
7317:4828,138,899,508,239,3234,875,1089,2618,1499
1308:1236,138,112461
18654:289,5702,56381,6849,3197,45444,69104,69104,45237,104872
5390:35495,6849,6849,6849,25821,25821,25821,35495,35495,14572
47047:669,20560,112461
28765:20560,4342,5738,9531,661,111500,8009,962,112461
50923:109559,112461
23192:31231,112461
31293:20270,58,31231,31231,17,616,302,101,654,289
43508:6270,23974,85367,41344,34713,398,1528,13059,108747,1127
13267:289,1550,596,20351,3142,26981,6270,6270,34968,10786
24698:254,3142,3142,3142,3142,361,17,302,654,354
45359:111421,112461
23934:7407,104497,1242,7407,1242,53156,53156,53156,53156,17
21536:114606,114606,112461
24061:3583,114606,114606,10852,10852,10852,17876,10852,10852,10852
42543:76988,112461
21563:1152,4208,901,28207,28207,17,70,302,29,226
4672:5553,84,1287,131,301,4967,6793,14960,33288,7407
10946:2442,15079,28190,15079,15079,15079,15079,15079,10146,39
8338:40299,57448,56623,347,11884,70284,49059,14237,2139,2124
2469:559,61,1089,354,508,138,4268,3730,899,239
24893:885,23970,74038,73605,885,76,16995,19330,684,31315
51373:14892,17,116474,65,327,6,113463,5857,650,616
17712:21633,14892,112461
219:15540,302,554,285,508,813,1023,2944,1444,813
17877:46862,19467,101952,813,80028,31551,112461
20604:7225,2685,14798,4940,15575,5557,22159,2882,16188,21038
5963:6311,3033,4341,72397,20548,84516,43391,47188,47188,4341
46527:115164,115164,112461
33884:20987,14268,84516,36658,105234,603,2754,2754,84516,2754
23878:7655,28923,28923,5303,22,101684,28980,25764,68476,4481
28860:882,28923,112461
22134:873,6566,21835,327,5567,65,17,899,84,5857
3401:10493,34632,4628,2139,2139,2139,2139,2139,2139,10782
15595:34632,112461
50584:115234,112461
8412:22771,103739,52057,72832,62434,103154,18879,17194,73896,70615
50603:78185,22771,112461
4542:29,6836,11772,1462,28926,4996,7178,7882,94699,94699
7206:1382,12834,43255,6535,43255,43255,43255,43255,43255,22190
39068:67345,67345,112461
9003:15194,72531,72531,72531,72531,72531,72531,72531,72531,72531
15226:5975,72502,72502,72502,72502,72502,17,76,32062,7072
19092:1539,54625,23148,19337,54625,23148,54625,78402,105312,5097
10552:76,301,289,45,1023,1410,891,4326,2200,33419
11439:93409,43103,8082,1003,43103,1985,93409,73316,43103,43103
30212:18393,8082,67498,112461
22367:2307,66790,2307,66790,66790,66790,986,81,500,33785
27496:24246,46724,2307,2307,95432,11935,94017,52395,19000,13926
20300:17,245,1119,2268,2200,970,9894,3632,7573,1820
34982:9633,2582,4672,6244,984,18240,22796,574,16305,17527
25842:38870,5990,5990,112461
47042:394,17,302,8,650,238,430,10561,4542,654
13660:866,8218,20467,138,1164,4068,1039,59936,2366,109161
28928:3440,109161,109161,69,1617,1917,38690,88234,43327,112461
11946:32167,32167,32167,5698,13267,1462,14186,2375,518,718
7344:7445,7445,7445,7445,112461
12669:5702,1462,34555,34555,17,302,654,616,58,29
2083:26061,26061,28354,53785,1030,17,23665,53562,6303,15705
21073:19405,19405,17,654,616,302,94,1410,650,101
53064:110108,112461
5720:2953,17,138,285,1239,358,32,803,2570,4542
53133:19910,68175,5468,40997,24688,92702,47691,66594,119730,51868
17748:1180,19910,19910,112461
9394:65,736,239,6793,1205,4856,78114,88644,26801,302
36844:61450,61450,61450,112461
35588:108256,4842,60519,60519,60519,60519,16278,1181,73372,18532
36674:98,60519,112461
11114:1561,3509,39266,5356,285,616,302,8,6,654
9057:4103,1561,1561,4103,719,463,14858,2318,1528,8860
18052:3107,1206,10687,85977,85977,1352,4825,189,3172,2880
15763:1206,112461
13134:402,999,20351,9581,402,999,17,84,302,616
349:605,27673,27673,27673,27673,27673,58804,33350,76381,100540
16402:37763,54467,83380,83380,8864,69733,71625,117621,112461
20674:4372,3915,26610,17,76,508,7006,1589,226,302
43268:495,32256,121185,121185,121185,17,1550,654,58,616
11458:3057,17800,17800,17800,17800,17800,17800,1345,24893,9716
9401:3057,12439,27469,25855,39597,39597,12439,67356,4328,67356
12164:19407,19407,19407,19407,19407,17,65220,9414,35839,1196
40947:224,19407,112461
26030:28926,3423,17,780,2241,262,76,3137,500,986
7501:7626,23667,3576,12045,5882,8213,2694,91788,54958,14314
22639:29,861,289,2200,2944,8525,5460,3753,8525,80771
4723:40263,20834,89717,3167,13408,13408,20834,40263,76,17
32864:75594,75594,75594,46760,55348,2166,29990,74083,31695,93391
26439:37737,112461
7823:2153,7132,36757,7132,36757,2579,76,508,168,877
20170:4880,1410,30681,7716,25526,37719,116,1410,25526,7716
6598:94,302,239,483,1550,1239,1772,1119,4904,245
